NavB_up.ES	MemB_up.ES	CD8T_up.ES	CD4T_up.ES	NKcell_up.ES	Monocyte_up.ES	NavB_dn.ES	MemB_dn.ES	CD8T_dn.ES	CD4T_dn.ES	NKcell_dn.ES	Monocyte_dn.ES	NavB_up.pval	MemB_up.pval	CD8T_up.pval	CD4T_up.pval	NKcell_up.pval	Monocyte_up.pval	NavB_dn.pval	MemB_dn.pval	CD8T_dn.pval	CD4T_dn.pval	NKcell_dn.pval	Monocyte_dn.pval
170547-T3-T	-5.44028610366955	-3.04936457360742	6.63743119219519	-14.740978367167	-4.21269305288324	1.33409268607782	-18.1065287586702	-3.67099377053385	-19.286566892628	1.38207192495257	-8.7335313214722	-10.6180395077999	0	0	0	0	0	0	0	0	0	0	0	0
170547-T6-T	-5.01004422007783	-2.76959644663555	6.61926895672343	-13.4867889397446	-5.34389422656378	1.39677344909057	-16.1024062260291	-3.34167963617137	-18.8966280845487	1.76357985913402	-8.86499993451712	-11.2483663092451	0	0	0	0	0	0	0	0	0	0	0	0
191645-T5-T	1.1022635736785	1.27597705531682	1.97841582380986	0.405283870255312	1.36613413187201	3.01752575955188	1.04802520427882	1.03592768257664	0.749225005224435	1.95749891433698	1.49573169559777	-4.32309582875991	0	0	0	0	0	0	0	0	0	0	0	0
191645-T6-T	-6.03671309689014	-4.24082528458682	-1.33920757155026	-8.96899380665912	-2.93578149395965	1.23439555981699	0.995610950716393	-5.97345520080852	0.643630935502102	1.14280973588635	0.892214746205391	-7.99117390368663	0	0	0	0	0	0	0	0	0	0	0	0
213109-T2-T	2.23885661282857	2.10615065752349	4.75402279583426	0.579586000660128	2.24024865500632	4.04102215321834	1.20030981310339	2.11586346871829	0.81451990685022	2.62249865840033	0.873655074651482	-2.03219168355819	0	0	0	0	0	0	0	0	0	0	0	0
213109-T3-T	-9.55897815356347	-8.86140022726161	-1.98927510107399	-10.1861776823565	-21.6303822875605	-14.5208074823517	-32.9270025505138	-9.97275552271589	-23.1043594178127	-12.0463066741999	-5.84893694192761	-4.23753996728809	0	0	0	0	0	0	0	0	0	0	0	0
213109-T8-T	3.70635164831542	3.05560928691798	5.69193230141099	1.26408473958671	2.99817927119072	4.64230645144237	1.59172575259307	2.55449276202113	1.14823482541292	3.17094199112292	1.31360856288245	1.16452146759586	0	0	0	0	0	0	0	0	0	0	0	0
244136-T2-T	4.27847606676256	2.7263613448693	12.2879372811656	2.81688889042233	3.13058743992483	3.10975277355676	0.757678984896615	2.94501959634056	-13.6272026903001	1.11211505211453	1.10519185760741	3.44978412415541	0	0	0	0	0	0	0	0	0	0	0	0
244136-T6-T	1.6025791898649	0.71586961680205	5.55331018128295	1.3273755075562	0.7333128205502	-4.01024551153845	-53.3908425167865	-5.35440377686601	-36.9662376047361	-8.20797072002993	0.595497128433646	1.81037697126464	0	0	0	0	0	0	0	0	0	0	0	0
244136-T8-T	3.07494084973801	1.78054007400472	7.13305013314255	1.38613775624637	2.12788689146302	3.27887139950237	-23.2359632100282	1.66389522380424	-21.1008248847242	0.907482838032756	1.32159438560456	1.93973311281878	0	0	0	0	0	0	0	0	0	0	0	0
250813-T1-T	-7.07527651664653	-8.31531820842296	5.89117746230729	-15.4120832599492	-17.7335947610203	-15.9548645905362	-88.8010003064347	-20.3226807044854	-60.9102047377487	-15.2739664878488	-28.5594511412288	0.955184339927903	0	0	0	0	0	0	0	0	0	0	0	0
250813-T3-T	-5.96143785279726	-7.23295804750118	6.35031197727909	-13.8920141849673	-14.9869546212392	-13.5578681022252	-86.0521301019475	-17.9406289803979	-60.7249469870531	-13.3009084907966	-28.2849151644745	1.05634497802394	0	0	0	0	0	0	0	0	0	0	0	0
250854-T1-T	-3.12167074237762	-4.36950200849157	6.80974365937994	-7.33388034046218	-7.46349756252786	-11.9705950883249	-82.8385670194643	-15.5610369788159	-57.8550115867236	-12.1383542071338	-20.4125913035967	2.50169589902842	0	0	0	0	0	0	0	0	0	0	0	0
250854-T2-T	-2.15759305156823	-3.0800762127591	7.69268354616445	-4.28286116281463	-5.86764263402987	-10.4969043837939	-79.1716756272971	-13.3944852688096	-55.9328533835811	-11.9096507860803	-20.6400519458275	2.99953155485882	0	0	0	0	0	0	0	0	0	0	0	0
250854-T3-T	-3.21033985994712	-4.31042781558194	7.26865588684003	-7.85163127931395	-5.68167623687633	-11.2026939460732	-70.5113316113115	-13.8581695457121	-47.0986101179084	-9.71122775624439	-20.9743859985426	1.96064415864197	0	0	0	0	0	0	0	0	0	0	0	0
260856-T1-T	-4.95300325963292	-5.5182630908214	6.17920473499364	-12.7147082549306	-14.0166382611021	-12.9658929903105	-88.4857372666108	-19.1067236858922	-52.713295492035	-13.0907305629619	-21.3707520052365	1.07743450912359	0	0	0	0	0	0	0	0	0	0	0	0
260856-T2-T	-4.73027372660675	-4.39502435032415	7.06799041168326	-14.1313167660886	-9.31760247811079	-6.45261424208402	-66.611173890133	-15.0535046790016	-39.2110139589552	-7.45289190949245	-19.3721788540548	-2.29168861072204	0	0	0	0	0	0	0	0	0	0	0	0
260856-T3-T	-5.13324237045404	-5.38597876459778	5.78043298796598	-14.0281516740731	-14.0258177401749	-12.5061146006596	-88.4101515734056	-19.019187321698	-52.9998228933106	-12.9018694380246	-20.7321285053874	0.867690138846686	0	0	0	0	0	0	0	0	0	0	0	0
270881-T6-T	4.55626985238489	2.50821541222563	12.2374289180954	1.28506615759767	0.727085417318731	-4.56803653539595	-57.6727442544198	-8.05767049941067	-37.0134291259033	-5.86453278145449	-11.3280728239198	2.30127676869898	0	0	0	0	0	0	0	0	0	0	0	0
270881-T7-T	1.90665895796794	1.25155835602566	-1.30437138255621	-13.839579562979	-12.1085197443957	-4.33840705900795	-52.4079938031324	-13.8877521193042	-29.272261244428	-5.88759747853908	-12.0093897610177	-4.48195261502787	0	0	0	0	0	0	0	0	0	0	0	0
270881-T8-T	1.5790254439107	-1.26160357672075	4.23902775309189	-6.11060766570515	-8.78288694946919	-5.68243859667752	-66.4081072280829	-11.768191505401	-43.4762162064692	-8.81424756920996	-12.6070761743805	-2.09337254048282	0	0	0	0	0	0	0	0	0	0	0	0
317699-T2-T	2.07111665985912	1.28804321654726	2.89390985745319	1.40733202035387	-6.34671425126943	1.80064314613001	-17.308021628258	1.67825004402009	-11.6260179210881	-2.9264570094201	1.16826879314982	1.62438548582516	0	0	0	0	0	0	0	0	0	0	0	0
317699-T4-T	7.11679508414413	5.41048928806698	14.2048797327602	2.99819968650638	3.95403907469943	6.48308628761617	1.47701067834673	4.07472936919804	1.14710610463513	4.08700635353845	1.62750971586819	3.61191724809662	0	0	0	0	0	0	0	0	0	0	0	0
831868-T4-T	-5.58824529318329	-3.98281452212457	2.79770966181697	-7.04121714100776	0.94961971777796	1.25147820625987	1.11767143136508	0.700077167834759	1.12951249645466	1.72153385994826	0.53768552528777	-6.22047791729934	0	0	0	0	0	0	0	0	0	0	0	0
831868-T6-T	-2.54879808814818	-2.75772673146306	6.38985969272738	1.13384817468001	1.06191924875952	-3.9412002213921	0.497411771276475	1.04952346471481	-16.3828039107407	-4.12158153345198	-2.79321329872607	1.73895083544246	0	0	0	0	0	0	0	0	0	0	0	0
831868-T8-T	1.34621974194182	-2.24999737065495	11.2731998219399	1.69429878678572	2.27185421878663	1.24989448153553	1.43269251041762	2.34185271354831	0.726379545910144	-2.38572089566812	0.848276963891335	2.05134194798498	0	0	0	0	0	0	0	0	0	0	0	0
832461-T4-T	4.24740460096232	2.91789204142307	10.3706238223687	-7.07909087930534	2.38929267438593	2.11400701474197	-41.3100906092633	1.67131152941976	-27.4761352203341	1.78186613068581	-8.03812709029198	-3.6824464069409	0	0	0	0	0	0	0	0	0	0	0	0
832461-T8-T	2.2733114645619	1.43864901963765	5.74968996918151	-5.56710861299274	1.28338491990558	1.41995243703925	-29.5288477607523	-5.81556102132665	-25.6365619655108	1.7862071054816	-6.96951206622642	-2.95043815034096	0	0	0	0	0	0	0	0	0	0	0	0
833190-T1-T	2.89461301911441	1.47471331455015	5.5844120792567	-4.6161968775599	1.03947436692671	3.36461840899162	-29.3176445616573	2.61038630353345	-21.9943266864494	1.75025380198398	1.54069714625566	-2.64757974748876	0	0	0	0	0	0	0	0	0	0	0	0
833190-T4-T	-1.64391924176262	-2.5736491267813	4.27198283555068	-6.42692222777633	-7.10233465938184	-4.42784357970022	-27.5315966735051	0.754604944578553	-24.728175286972	-4.45795717721419	0.709706827394313	-4.08548863366875	0	0	0	0	0	0	0	0	0	0	0	0
833190-T7-T	1.66659729086973	-2.62866582288014	4.63610469429003	-8.14800515133735	-7.02046921026669	1.43588168090352	-33.1545660983663	1.00972544038756	-27.8211841202619	-3.82049019476853	0.644143757569532	-3.45173459155347	0	0	0	0	0	0	0	0	0	0	0	0
833625-T1-T	1.6653837315471	1.45602409192309	7.29079499979045	-5.39072486339188	-4.57749859875445	3.40470950438934	-25.255002956804	1.72579991743504	-18.7502885999379	1.69264466933207	-7.00035275948179	-3.55430767953832	0	0	0	0	0	0	0	0	0	0	0	0
833625-T4-T	3.92615351775836	2.61182730639677	12.2248277953291	1.36752321889334	2.06227104090336	3.53513764210182	-25.1828984036199	2.52589610829336	-19.7149007935909	2.19160558751179	-4.80857554527906	1.81578146111541	0	0	0	0	0	0	0	0	0	0	0	0
833625-T8-T	6.54973325714113	4.54557417390246	12.3601196863007	2.06829306485393	2.92529330803767	5.00540680222587	1.06754151526929	3.0667692433313	-18.5131789958259	3.186115546391	1.48500728293148	2.65471859609214	0	0	0	0	0	0	0	0	0	0	0	0
834243-T1-T	2.42692106077326	1.85158291160555	13.7658064408458	1.20373525184899	1.88356213641459	2.48716950527596	-23.3526616401485	1.7364599444912	-20.6331502331584	2.07712351559641	-10.075557763247	1.35504571917286	0	0	0	0	0	0	0	0	0	0	0	0
834243-T4-T	1.59103722252524	1.4197421447428	6.49125915894558	-10.4857356941338	-3.83292628664737	0.9258039546289	-31.1968881564533	-7.27183146997633	-20.8116645943193	-2.34772745199193	-12.7246755512799	-3.25629744579225	0	0	0	0	0	0	0	0	0	0	0	0
838180-T4-T	-4.81401607267423	-5.16469527596841	6.15241394964106	-11.1830316776021	-11.6200024329007	-3.53212975663833	-36.8688917768484	-9.85685397214645	-32.9126707776947	-5.73872075296804	-13.6905820502591	-7.97720687563274	0	0	0	0	0	0	0	0	0	0	0	0
838180-T8-T	-7.44708205873465	-6.97552203391746	5.42187592263282	-13.5964444583569	-16.8714367933218	-9.01715909181542	-38.6225206944074	-12.0448087116851	-34.9139018839287	-6.83764986741769	-13.032328909135	-6.64455723650698	0	0	0	0	0	0	0	0	0	0	0	0
840550-T1-T	-7.13316399657495	-7.81977578843275	6.37480916450781	-14.7310230729539	-17.9785592051778	-15.6075699787091	-91.1425427902727	-20.0216286410498	-57.0836917778575	-15.1777574648581	-28.1274594117482	-2.7561738911806	0	0	0	0	0	0	0	0	0	0	0	0
840550-T4-T	-7.26814417040557	-7.8766573760649	6.77687133875193	-15.5199824061169	-17.2072192840408	-15.2773891314594	-86.4990292121726	-19.4956409206521	-53.7668542911697	-14.243783535443	-27.5429403373433	-3.32896744756478	0	0	0	0	0	0	0	0	0	0	0	0
840674-T5-T	-5.11987218800304	-3.7441596438148	-0.692233922465341	-9.4007848823368	-4.97995126856537	0.822065351049923	0.766476083256517	0.712194065328324	0.88251110621814	1.81446880074114	-6.00328122986953	-6.99826620704194	0	0	0	0	0	0	0	0	0	0	0	0
840674-T7-T	-6.07252443253795	-3.96145043711764	-1.27954370068803	-10.1338708616404	-6.69931685229756	-3.10278640092884	0.823292622008068	-4.043513550895	0.86769843992428	1.4674714871007	-6.2589151754298	-6.03830008556164	0	0	0	0	0	0	0	0	0	0	0	0
841808-T1-T	-4.8694039401015	-5.49216376060285	-2.69917472888176	-7.08463005205131	-8.85015587424135	-2.00966639005571	0.864424393549054	-5.7614191624494	0.555788957287975	-2.78747470582828	-7.73281297762872	-8.01520551110205	0	0	0	0	0	0	0	0	0	0	0	0
841808-T4-T	2.25595911614	1.50682260517657	5.68109487521346	1.81682042971252	2.04302122055008	4.02985007389018	1.63206706545157	3.54199316176524	1.03235951855415	1.89881648839618	1.20353095119813	-1.752954125235	0	0	0	0	0	0	0	0	0	0	0	0
841808-T8-T	-2.12401270539671	-2.64843478400834	-2.02438271844642	0.374811284125256	-7.74538066443109	-5.12110097202528	1.03843448274528	-5.54998492193806	-13.4707327805241	-3.51249937099621	1.39709294044187	-4.1763102467954	0	0	0	0	0	0	0	0	0	0	0	0
849616-T3-T	1.17224703513347	1.03720465999256	6.99140408097696	1.14357905545146	-5.43056902252331	-6.44087099895643	0.880182300248434	3.17383962887833	-16.7719314807347	-5.26812915468913	1.23460046763563	2.07721959556858	0	0	0	0	0	0	0	0	0	0	0	0
849616-T7-T	-6.4200773311992	-7.87516773696383	6.00136868514933	0.478910593605483	-13.5359629856269	-13.5939879453283	-24.4101700552922	2.0673364901851	-29.6830953306921	-11.4789456098816	1.04812818673985	1.26538120692691	0	0	0	0	0	0	0	0	0	0	0	0
849616-T8-T	3.43955963570293	1.15719158087481	11.609047728315	1.8570982227744	1.07841299303243	-2.8145108236755	-58.572930996565	-2.64319883863135	-49.0249246036627	-9.07356108533591	-5.3894585044014	4.9997770505037	0	0	0	0	0	0	0	0	0	0	0	0
852845-T4-T	1.2222947726016	1.35754195379289	6.65485137357758	1.37369127277143	-5.41495103565946	-8.02697180351298	0.785884334038189	2.78644609086121	-17.8528963137348	-5.8267409512914	1.18248310738409	2.44259767762906	0	0	0	0	0	0	0	0	0	0	0	0
852845-T8-T	-8.98869683347195	-9.83949373298726	4.81190186618692	-5.40813933343868	-17.4072357558364	-17.3551327763008	-34.0834956189457	-10.1386930723679	-33.7530916719739	-13.6024557987717	-7.78525249024846	1.03310508681925	0	0	0	0	0	0	0	0	0	0	0	0
858752-T1-T	1.61948568329029	0.961673655633949	5.78947546926403	1.68854441627883	1.47981299313734	0.738087444753781	-18.6846592947513	1.5930064115708	-17.1666809600138	-4.08928969407309	1.06881853730806	2.21453729033506	0	0	0	0	0	0	0	0	0	0	0	0
858752-T4-T	2.3286758044444	1.27325926177287	5.28332534077618	1.82761108532152	1.4262467465915	-2.98168084843079	0.932491087292478	1.87219546702778	-17.4598379319408	-3.61122519839329	1.12372687950668	2.31421356032121	0	0	0	0	0	0	0	0	0	0	0	0
858752-T8-T	3.97161384586428	2.45632829256647	9.05239902146953	2.47296913444313	1.75257521646389	-1.86727586681235	-15.8338352641907	1.50294134057736	-17.4685083892657	-3.95017206114215	1.04610410253205	3.69120181681013	0	0	0	0	0	0	0	0	0	0	0	0
873708-T1-T	-6.54856051402352	-5.16110425291516	6.76974081688491	-8.41266319020457	-13.6310646673666	-8.20091930725598	-30.0329415754332	-8.88428958881349	-21.7139213032425	-6.30096382163672	-5.06303666021339	-4.89600784203157	0	0	0	0	0	0	0	0	0	0	0	0
873708-T4-T	1.82284450973221	0.909532509629956	7.80746223076201	-4.0202660594091	-5.97813149985036	1.19138437669772	-19.3108325396943	1.36904489086111	-20.264978242882	-3.16729771069606	-4.65887563328875	-1.46005204378862	0	0	0	0	0	0	0	0	0	0	0	0
875099-T1-T	-9.22351297651724	-7.60937511762785	5.2228850099423	-5.61981775044148	-15.840096545477	-10.8890630464469	-27.3754238713853	-9.21474566665862	-19.0971162612272	-7.00039553185586	-10.1159033508876	-3.33072596654741	0	0	0	0	0	0	0	0	0	0	0	0
875099-T4-T	-6.95006434683759	-5.10121261350472	5.55705031652778	0.720270378540206	-7.5559571917053	-3.63860917825832	-15.3239987388449	1.02222370453123	-20.8569265547269	-2.4625119491352	-6.21853124795912	-2.99833773527988	0	0	0	0	0	0	0	0	0	0	0	0
875099-T8-T	-3.92163821851222	-3.00951433582156	5.61136604407327	0.710560117282161	-7.98876904555676	-2.64869498660674	0.721179918872541	1.60963097239141	-18.4149869996842	-1.80409819816688	-5.82782522447126	-2.15857492340297	0	0	0	0	0	0	0	0	0	0	0	0
886403-T1-T	2.97088470099856	1.22698258870529	6.55000392746352	1.23405197526309	-5.01454482539092	0.919649908858778	-30.316244395938	0.858419482675069	-21.457777629196	-4.82305472791244	0.982862829953472	1.01036179525385	0	0	0	0	0	0	0	0	0	0	0	0
886403-T4-T	2.35451184673645	1.25737361360934	6.33349661547638	0.796785058749248	-3.71772464875007	1.58851566333383	-24.8694326092029	-4.17212028968251	-10.8001469345837	0.544803148805534	0.736496860629312	-2.54270583676715	0	0	0	0	0	0	0	0	0	0	0	0
886403-T8-T	3.41219138177508	1.18703402208647	11.2578476785227	1.82755252878679	-6.59740544703482	-7.20142504551548	-57.4360298448911	-7.07944072566127	-39.1647745301255	-8.49359489650088	-4.25064597877436	2.85251183584492	0	0	0	0	0	0	0	0	0	0	0	0
888712-T1-T	-2.43792711585358	-2.88115364688407	8.61673007785187	-7.09857143274645	-6.65067912685992	-3.01324151737199	-31.9154351228945	-5.90255033037779	-23.9751510404056	-3.65060272341645	-8.26452372746111	-6.15551780569255	0	0	0	0	0	0	0	0	0	0	0	0
888712-T4-T	5.78406189382981	3.914540054721	15.1730989869207	2.16241852362818	1.68612846929353	1.82747796790942	-30.0092568618472	2.05543202336493	-23.1320095753002	0.908007716573901	0.581305787616066	2.64542834973085	0	0	0	0	0	0	0	0	0	0	0	0
888712-T8-T	4.14025031168013	2.9793477992289	11.4153042495124	1.53444803609434	1.01996635412945	1.53380532010494	-15.5667327361655	1.30546475134214	-15.6296327987222	0.740097451826093	-5.34652250040725	1.64592965260708	0	0	0	0.025	0.452	0.065	0	0.142	0	0.793	0.003	0.045
