NavB_up.ES	MemB_up.ES	CD8T_up.ES	CD4T_up.ES	NKcell_up.ES	Monocyte_up.ES	NavB_dn.ES	MemB_dn.ES	CD8T_dn.ES	CD4T_dn.ES	NKcell_dn.ES	Monocyte_dn.ES	NavB_up.pval	MemB_up.pval	CD8T_up.pval	CD4T_up.pval	NKcell_up.pval	Monocyte_up.pval	NavB_dn.pval	MemB_dn.pval	CD8T_dn.pval	CD4T_dn.pval	NKcell_dn.pval	Monocyte_dn.pval
EGAF00002382144-CRUK0029	1.86509459419125	2.3929888782958	4.88748413982394	-5.933069992394	2.82078034086978	6.12420392538	1.34587442975483	3.10691164737251	1.01485262602562	3.30016222308115	1.28622352394598	-4.19534237371902	0	0	0	0	0	0	0	0	0	0	0	0
EGAF00002382145-CRUK0029	-3.03780388529501	-2.40544784215928	-0.615848563822175	0.843600745984172	2.11975884757582	2.7022553524174	1.37267425128716	2.46775095686873	0.612344889671332	1.28792512392528	1.62824942842663	0.678738047792545	0	0	0	0	0	0	0	0	0	0	0	0
EGAF00002382146-CRUK0029	1.26118197472433	0.86865641161772	5.26669984163289	1.26024454918392	2.41071398276601	3.05827642576613	1.25934184197335	2.87255335151051	-18.0558440768303	1.10526684341478	1.40450845368946	1.46095373843231	0	0	0	0	0	0	0	0	0	0	0	0
EGAF00002382147-CRUK0029	-7.23073886917778	-5.81507414760246	3.83134698950716	-9.0667742224903	0.918625583019275	-3.83744076118778	0.568073169005378	-6.19313803570921	-17.8726125005291	-2.85713026393999	0.789842445924129	-4.63186771810803	0	0	0	0	0	0	0	0	0	0	0	0
EGAF00002382148-CRUK0029	4.77098851007308	3.95267497578259	12.2915341083354	2.7076630214408	3.69952654959948	5.39330523204264	1.16212525149711	3.2647793056312	0.528893901376955	2.36068446476084	1.75394529389927	2.8447221156527	0	0	0	0	0	0	0	0	0	0	0	0
EGAF00002382149-CRUK0029	2.46838705854312	2.16992570531849	6.65763867337985	1.7539821135581	2.97205345452752	3.5726085334633	1.17583868525128	2.71966345243042	-18.2311064136323	1.54977613685851	1.61130049001504	1.84443676620859	0	0	0	0	0	0	0	0	0	0	0	0
EGAF00002382150-CRUK0030	1.53887502938959	1.37546771416913	8.60228840410174	-6.48797335518505	0.689768225395922	1.21958730344635	-21.5461220269547	-6.81259174762685	-26.5284803493304	1.16676236250635	-6.18123289715072	-3.75084842825113	0	0	0	0	0	0	0	0	0	0	0	0
EGAF00002382151-CRUK0030	1.3785682644214	1.40339373670716	8.1725708841611	-8.28624015307648	0.961366181578642	1.41393265061877	-37.8869643279158	-6.95150734571489	-29.5790634368387	1.18213012217897	-7.48454709225029	-2.49783422354852	0	0	0	0	0	0	0	0	0	0	0	0
EGAF00002382152-CRUK0031	-2.78176816902017	-4.47702103374755	6.58511632563322	-9.5901099629245	-15.958364638499	-13.2401141500464	-63.0754339569125	-11.1177698365618	-52.9610559392899	-8.09635203240319	-9.8810636868151	0.814662819678787	0	0	0	0	0	0	0	0	0	0	0	0
EGAF00002382153-CRUK0032	-3.32735368543003	-5.82564637994003	4.47461041660419	0.518670053781769	-18.9094530574713	-18.8877143848243	-133.348988616794	-19.4697414645561	-96.1171449272696	-18.8404057653163	-13.2216809752281	1.85341212059045	0	0	0	0	0	0	0	0	0	0	0	0
EGAF00002382154-CRUK0033	2.77065819464428	1.23220310852385	5.61243255243127	-11.8285746977074	-18.5929611981371	-11.0641500395713	-79.3332619704899	-20.6057986169193	-44.5825037763618	-7.3974749356727	-20.6157224748116	0.840023901211536	0	0	0	0	0	0	0	0	0	0	0	0
EGAF00002382155-CRUK0033	2.60900890512279	-3.65419318370653	5.74629170479489	-11.6862084544151	-19.6214682373238	-12.7830887985004	-78.9618365155491	-20.4313608671516	-40.3555854490146	-8.15437435508233	-21.6624502137259	1.02905721275698	0	0	0	0	0	0	0	0	0	0	0	0
EGAF00002382156-CRUK0035	8.20981469573608	5.98204055654542	10.4012403353546	1.79981385169789	3.3049715258619	6.97041020261796	-21.6231081805991	2.1468574592952	0.725807268042775	4.11666848932875	-8.42824805533841	-5.28222186600892	0	0	0	0	0	0	0	0	0	0	0	0
EGAF00002382157-CRUK0035	7.94986278108232	5.09405074177089	17.2864844504969	2.7558487468301	3.22292661754216	3.41872274567458	-61.7899116493663	-9.36165681005319	-46.5520054917362	-3.40344185133502	-11.6866455161666	5.70478057739811	0	0	0	0	0	0	0	0	0	0	0	0
EGAF00002382158-CRUK0035	8.99768682234219	5.62187701073904	18.0877248284217	3.06764453864385	2.54401041160192	1.11949259677932	-90.4936503179764	-11.4044038633465	-62.6023001314451	-5.9757273549842	-13.0616563635312	6.31116055813057	0	0	0	0	0	0	0	0	0	0	0	0
EGAF00002382159-CRUK0035	9.51411442148641	5.97167352425951	20.3173109739174	3.53252801316741	3.33914577306716	2.98865304526335	-67.7714644589496	-9.24409208957182	-51.9979926914818	-3.55237974286755	-10.2131220252093	6.9007245584779	0	0	0	0	0	0	0	0	0	0	0	0
EGAF00002382160-CRUK0036	-3.79402613860916	-3.26035697265895	6.97824571983175	-8.515601334858	2.03513033220976	3.00395993120944	0.914907709251598	1.54560531604967	0.84539591164032	1.96305573498915	-8.22225397183391	-6.94467090052629	0	0	0	0	0	0	0	0	0	0	0	0
EGAF00002382161-CRUK0036	-9.72329355895919	-7.52908099415639	4.38262059937991	-19.0815023541234	-9.31191549062478	-5.88690094777363	-19.2478197617707	-8.66739690469975	0.680439888510798	-2.38127024757383	-9.43375678943021	-11.9379380215464	0	0	0	0	0	0	0	0	0	0	0	0
EGAF00002382162-CRUK0036	-5.1313154019077	-3.4613687756535	5.81510947124104	-13.8032979360019	-8.51321076679864	-1.77898607891294	-23.5052422526819	-6.02735609183101	0.754144861038647	0.895163573149156	-7.13256561519025	-11.3884378388833	0	0	0	0	0	0	0	0	0	0	0	0
EGAF00002382163-CRUK0036	-8.96866048057891	-7.73067164949154	-0.897227716076037	-15.7152379312904	-5.15555391777094	-2.74667737866483	0.612678394183633	-6.05640933833531	0.709080929120768	-2.41695209826695	-6.8943439005259	-10.2766881749928	0	0	0	0	0	0	0	0	0	0	0	0
EGAF00002382164-CRUK0037	-5.01760917560458	-5.25298676351411	-2.30497487678532	-24.677017859651	-21.6691611551354	-7.14482636217098	-87.2374355415711	-22.9999068898886	-41.3734957806653	-6.22615064391105	-15.7166416304993	-9.32215414375331	0	0	0	0	0	0	0	0	0	0	0	0
EGAF00002382165-CRUK0037	-3.94876355329804	-3.34794595171473	-1.37847785292525	-22.8564856530202	-9.63216123920312	1.75247884634955	-43.9695766086666	-14.2204364274391	-26.1339262669334	1.63983320151878	-12.4731441905971	-12.3229460967318	0	0	0	0	0	0	0	0	0	0	0	0
EGAF00002382166-CRUK0037	-7.77327895854916	-7.6121869971687	-2.70659108385009	-28.6334736081454	-29.1817009874039	-13.1121996964173	-114.535104890202	-27.6110250295795	-61.2786753144042	-7.87232333745114	-20.5788785911317	-11.9245305582005	0	0	0	0	0	0	0	0	0	0	0	0
EGAF00002382167-CRUK0037	-4.59203227214004	-4.18879299598923	-1.99143203678116	-25.8628902928616	-14.5230038658784	2.46232124147811	-38.4674992016022	-11.6078769064276	0.796338410629395	1.94127073458542	-7.56105131142909	-15.4693734410907	0	0	0	0	0	0	0	0	0	0	0	0
EGAF00002382168-CRUK0037	-3.86394548770238	-4.44167762263984	-2.83242226521979	-28.3345785177671	-16.0067208266488	2.1225547716488	-38.8891849064714	-16.3169459318293	0.92151169203858	1.97307824992397	-9.05164359867022	-15.8618657668014	0	0	0	0	0	0	0	0	0	0	0	0
EGAF00002382169-CRUK0039	3.09723087909537	2.53747001998776	7.58855230883852	1.52532385832616	3.21231130877147	3.40593947971297	1.21912892467009	3.0286310470116	0.552078301098129	1.86568740079053	1.19871650161822	2.59444655659358	0	0	0	0	0	0	0	0	0	0	0	0
EGAF00002382170-CRUK0039	1.45438209717935	1.44763962857549	7.89263562133904	1.43941713144393	2.83921925578447	2.85466795463031	0.938402659125	3.04749039604732	-19.057470196751	0.954303121135723	0.515665391067421	2.54336167700026	0	0	0	0	0	0	0	0	0	0	0	0
EGAF00002382171-CRUK0039	-2.87779336117374	1.50478991362488	10.0385112913535	1.50688674070908	3.54050079654356	2.22102660110596	0.946239814646304	2.61809644557105	0.710885725696623	1.01848437321924	0.953364227011703	2.48544513386936	0	0	0	0	0	0	0	0	0	0	0	0
EGAF00002382172-CRUK0041	-6.73550598790858	-4.15409073523608	-1.0916812919938	-7.689530975843	1.86067045207234	2.67164980786813	1.27676531055903	2.04648124446539	0.757734299388396	1.88262753072033	0.957777870896052	-6.04139378147032	0	0	0	0	0	0	0	0	0	0	0	0
EGAF00002382173-CRUK0041	-5.66888702471726	-4.10373496401645	3.8126612254398	-4.88512154471602	2.34111108724694	4.32996765671391	1.20576002901081	2.52431008614001	0.605017981517751	2.35613572641484	0.840086644816724	-2.75831219918314	0	0	0	0	0	0	0	0	0	0	0	0
EGAF00002382174-CRUK0041	-7.72259305929218	-4.81181036489212	-2.28166643853687	-17.8454311471354	0.642408294865695	2.13926155495208	0.987421160036141	1.50177765739818	1.11819901046644	1.85161745521108	0.829862306238494	-10.5662696424244	0	0	0	0	0	0	0	0	0	0	0	0
EGAF00002382175-CRUK0041	-5.00507803144309	-4.30361696225487	7.07455296209875	-7.96169038138672	1.9623720104685	3.52179731694431	1.23986588945222	2.47567907430064	0.651875747033464	2.77934524338503	0.796728915701197	-4.47677771827756	0	0	0	0	0	0	0	0	0	0	0	0
EGAF00002382176-CRUK0042	2.21707662419593	2.07801292403664	8.94657853500509	-7.69133092195268	1.47918132018092	3.55210877671307	-74.5851050790044	-13.9233456747471	-46.4561361025896	1.50759262527741	-16.7092967842497	1.04780005609302	0	0	0	0	0	0	0	0	0	0	0	0
EGAF00002382177-CRUK0044	3.04881427038058	1.48241709553568	10.2334146724518	1.0455134846622	0.984481836423108	-3.31074765852501	-45.3288499822021	1.21932810487775	-43.3241749735614	-6.16164802140889	-5.89199551257486	1.95488356466034	0	0	0	0	0	0	0	0	0	0	0	0
EGAF00002382178-CRUK0046	1.33501952538208	-2.87669276172306	8.23343771735971	0.655930780512498	-11.5623822080791	-19.086153386742	-99.5999653091056	-25.5306394928639	-50.7090098867595	-12.7836865487151	-24.2976502270352	2.64626719210394	0	0	0	0	0	0	0	0	0	0	0	0
EGAF00002382179-CRUK0046	6.06878145405001	4.129253509884	15.4447308874783	2.48967202077945	1.67683127635244	-3.58664805884816	-72.9845167046817	-18.3453922697604	-31.1837557287486	-4.85167418830568	-19.9329493362142	5.36917401191201	0	0	0	0	0	0	0	0	0	0	0	0
EGAF00002382180-CRUK0046	1.17787329435129	-2.37105237425639	6.85000524895399	0.750160843184779	-9.40570736372004	-17.7654374702316	-94.1587543603579	-24.0352311380218	-48.1792528743398	-11.8849820594527	-23.1395474839916	2.74014656997028	0	0	0	0	0	0	0	0	0	0	0	0
EGAF00002382181-CRUK0046	1.11100815670831	-2.36337629850905	7.25266836542356	0.824478088286732	-10.3255338843646	-17.7338840917052	-97.2792824242227	-24.1501411935483	-51.4170843933953	-12.2263829258515	-23.3989798255246	2.74539958459562	0	0	0	0	0	0	0	0	0	0	0	0
EGAF00002382182-CRUK0047	4.81673778424428	3.92324146784578	15.3682306062928	1.429457996902	3.18461932257392	5.34548616999662	-51.5122986330219	-11.1491050452859	-42.3536600445101	2.57203645671093	-14.3344376851058	1.97739017310799	0	0	0	0	0	0	0	0	0	0	0	0
EGAF00002382183-CRUK0047	6.93071742926675	4.92897727252467	17.5728940914488	2.3135686548966	3.08386203143325	3.04030408057436	-66.7780425966157	-14.1177668038576	-44.1384544215513	-4.31269359548844	-15.6628793034418	4.47300560236276	0	0	0	0	0	0	0	0	0	0	0	0
EGAF00002382184-CRUK0048	-6.50948026132553	-6.28361179865276	-1.68720311785627	-15.8437039581227	-22.8924741845256	-11.2533936724056	-94.8010468933413	-19.5314569907153	-73.1767915660729	-13.2574794353644	-10.3015137902437	-2.1620207628813	0	0	0	0	0	0	0	0	0	0	0	0
EGAF00002382185-CRUK0050	-3.5073413282295	-2.92094249347683	9.01352306810851	-5.85857845178187	-11.3452886961333	-5.52531546756354	-68.6189089712563	-18.3125946361809	-39.7798706182162	-5.42218420230327	-17.2943838444359	-2.62852185529855	0	0	0	0	0	0	0	0	0	0	0	0
EGAF00002382186-CRUK0050	-2.5377031279195	-2.18190642663893	6.96812252371409	-4.08244860975682	-10.7956552723325	-5.63015345985921	-81.0001607796648	-19.3793180847728	-41.4877782519377	-6.29301110379982	-18.7972424425907	0.993242067899227	0	0	0	0	0	0	0	0	0	0	0	0
EGAF00002382187-CRUK0050	2.15854686072011	1.28109566297527	10.5270028975134	1.01232137914407	1.72981086268434	-2.65086448849172	-61.7262983083216	-14.573969008426	-37.9886130630006	-4.03032904329756	-14.4795403642177	2.08893598062496	0	0	0	0	0	0	0	0	0	0	0	0
EGAF00002382188-CRUK0050	-2.86831608306028	-2.80328308506402	11.8321364247398	-6.58170764389267	1.88978652761834	0.817210309610972	-56.3022276866114	-14.2573968401015	-41.2783584130064	-3.60934836481348	-14.8525601530147	1.51727254296198	0	0	0	0	0	0	0	0	0	0	0	0
EGAF00002382189-CRUK0050	-2.32694402057556	-2.20576404907916	5.52777441831308	-7.50440788867716	-10.5077655113017	-2.09788633878781	-39.1900203877454	-11.6806534620533	-30.5165940548004	-3.71302981011351	-6.92135390239541	-2.74197530394898	0	0	0	0	0	0	0	0	0	0	0	0
EGAF00002382190-CRUK0052	0.932978814149887	1.02970144093536	4.4540628189716	-4.69561270035745	1.378492079604	3.46037245325118	1.74393681280861	2.82566814628569	0.994706449671815	1.75175004404414	1.19036138711728	-2.92386355953006	0	0	0	0	0	0	0	0	0	0	0	0
EGAF00002382191-CRUK0052	6.77471494880133	5.22663432980067	16.2790126734412	2.97770183610245	4.03524645489437	5.66262463906368	2.10934990653799	4.52512512823618	1.33374573230374	3.28536552125346	1.74310332534728	3.39272464496543	0	0	0	0	0	0	0	0	0	0	0	0
EGAF00002382192-CRUK0052	6.96542739878578	4.30138763303814	15.4061643141955	2.80936336632827	3.11126957671839	3.13922056155204	1.22495200517552	3.76331549289928	-24.1506387670001	1.18400360630597	1.5096970224409	2.93856190702566	0	0	0	0	0	0	0	0	0	0	0	0
EGAF00002382193-CRUK0053	-7.19178683732202	-7.88564327339692	-2.0931428598459	-24.7468557823474	-25.7257351467258	-11.1669868625314	-65.9120450263436	-20.7821538397428	-26.6551701246087	-8.86595728766938	-13.737217528508	-10.0630815805199	0	0	0	0	0	0	0	0	0	0	0	0
EGAF00002382194-CRUK0055	3.28744249931021	1.91084351897527	5.7850487536763	-2.7336278980384	-5.07524504542834	-7.72881555530684	-67.8472331119302	-12.9636700224996	-39.1708242622244	-7.51900933086792	-11.0243089354774	1.70439125064852	0	0	0	0	0	0	0	0	0	0	0	0
EGAF00002382195-CRUK0057	2.2663032098498	0.927364238036672	9.54338838308481	1.79977755123374	1.05585929443984	-3.25262536125846	-42.1597091549995	-5.17770140442798	-51.1475502095269	-6.11675495125952	0.68974962387437	2.46958092539519	0	0	0	0	0	0	0	0	0	0	0	0
EGAF00002382196-CRUK0057	2.75890088475098	2.01530554038446	7.78525855775877	0.754381589129039	-8.02110300052043	2.39045333760702	-32.1676476890759	1.07388019647059	-39.1393625024055	-3.76955420971405	0.61642486459855	0.731425674239755	0	0	0	0	0	0	0	0	0	0	0	0
EGAF00002382197-CRUK0060	5.72511508755697	3.56930890425929	15.2625551902375	1.39887470960673	1.8588217979939	-4.48995801124969	-61.0698444886774	-6.82695283911744	-63.5811514180881	-5.36120874866826	-12.5045896004108	4.70827379150677	0	0	0	0	0	0	0	0	0	0	0	0
EGAF00002382198-CRUK0061	-8.57367094204258	-8.78871301627826	-3.05034392313529	-26.7739001014671	-27.6627657748956	-19.7801888484084	-123.547209505464	-29.6271026410076	-53.8407776902695	-13.1351585876768	-24.6648079116304	-6.3017022136721	0	0	0	0	0	0	0	0	0	0	0	0
EGAF00002382199-CRUK0061	8.84664475583583	6.30031326187971	9.90067641013979	1.38116853652587	2.47662993644611	4.58057669102041	-58.0792648258063	-11.6213001734688	-31.2555340642833	1.95276828292125	-11.8498353888791	3.98260596116341	0	0	0	0	0	0	0	0	0	0	0	0
EGAF00002382200-CRUK0062	-12.7900133478226	-11.1926237460262	-2.9213185841746	-23.8279074684776	-29.0690835955333	-18.2198251426696	-68.150935199482	-20.4950453504586	-43.7069517585968	-10.8545605936601	-17.9739928392837	-10.9826350705257	0	0	0	0	0	0	0	0	0	0	0	0
EGAF00002382201-CRUK0062	-7.34405687338178	-7.70931606278026	-1.86504608940457	-12.4283532460732	-21.7775658924798	-15.5100409293186	-57.8193919708536	-15.0837654761334	-32.2078853181778	-10.5819186348448	-9.37510824667807	-6.06436037333642	0	0	0	0	0	0	0	0	0	0	0	0
EGAF00002382202-CRUK0062	-7.1104299810589	-6.45628345368988	-2.28867991582245	-23.6225631617079	-14.0985843560496	-3.54557865421225	-58.0276866737499	-11.0374954507368	-45.9189506028294	-3.51485528622798	-11.8416213935746	-7.37312628145245	0	0	0	0	0	0	0	0	0	0	0	0
EGAF00002382203-CRUK0062	-13.8635475931467	-12.3281472155193	-2.74157694343573	-16.6003666854678	-25.3191175752766	-11.7194955629455	-46.6515167663184	-13.1545992263621	-39.2105299416164	-9.46890268428741	-9.76486454675669	-11.1101930118192	0	0	0	0	0	0	0	0	0	0	0	0
EGAF00002382204-CRUK0065	-12.1909121897621	-11.219101860811	-2.29377715133276	-20.5805248092541	-25.7354265658736	-20.6900786119108	-63.6244301406307	-18.1619148988116	-33.1148511738505	-11.5393137979784	-16.2975845364665	-9.60656448850557	0	0	0	0	0	0	0	0	0	0	0	0
EGAF00002382205-CRUK0065	-10.590093687738	-9.1882193961422	7.18016241466476	-18.6315841766665	-21.2804164062925	-16.3697085449166	-43.5803081037164	-13.4328097960657	-32.9095841435689	-7.72861641379474	-15.1876061195434	-10.0094492856256	0	0	0	0	0	0	0	0	0	0	0	0
EGAF00002382206-CRUK0065	-9.25326297112229	-8.18056549011818	7.92634747740358	-15.8352368483963	-19.6668200596998	-12.4138809413625	-31.682065487673	-11.438362962598	-36.7698674990619	-6.36018749935725	-16.1111096553677	-9.247618170418	0	0	0	0	0	0	0	0	0	0	0	0
EGAF00002382207-CRUK0065	-9.52943562906264	-8.93515483829068	8.83709891179457	-11.3643517088837	-14.3735778800751	-14.3870987958609	-36.2572307601554	-13.5989922396159	-40.9283532366103	-7.27220501863919	-14.4370445826091	-6.18198782017572	0	0	0	0	0	0	0	0	0	0	0	0
EGAF00002382208-CRUK0065	-13.9670759671961	-13.3115590030036	7.39654697097737	-18.7205668834298	-28.2243108230369	-21.2454809029251	-52.3606000355135	-14.4620423847183	-36.1501718455665	-13.2013653768146	-18.6315945580414	-8.62281565405852	0	0	0	0	0	0	0	0	0	0	0	0
EGAF00002382209-CRUK0065	-10.0223440753983	-9.25018445203131	7.55881842171262	-11.8216075708567	-15.4387472435932	-13.3713797657567	-35.0248264388521	-13.3162800379861	-30.627171507973	-8.89817252999212	-13.090330427124	-7.27930532437916	0	0	0	0	0	0	0	0	0	0	0	0
EGAF00002382210-CRUK0067	3.14753953978639	1.81923724958187	6.6178791309852	1.2795917335267	1.57020843502237	-3.0982267747997	-36.879397059157	0.948347961191896	-40.5351822848028	-4.38844809373333	-10.7172949966681	1.37335866887395	0	0	0	0	0	0	0	0	0	0	0	0
EGAF00002382211-CRUK0067	-14.5917483903011	-12.6277247849417	-1.99892148400626	-19.242683750831	-22.88113869264	-17.7179619082209	-50.2263456636108	-14.2907596011069	-38.3598951186702	-9.58760833028162	-13.964198091633	-9.42364916401123	0	0	0	0	0	0	0	0	0	0	0	0
EGAF00002382212-CRUK0069	-3.63402566513067	-6.46468741804933	7.79723271939167	0.669715421437611	-19.450719588741	-19.7006460318589	-61.9041534992387	-9.96981779884089	-48.1621435679217	-16.0270306874337	-10.985108304835	1.76807488951061	0	0	0	0	0	0	0	0	0	0	0	0
EGAF00002382213-CRUK0069	1.98014850759115	-1.85015824832283	14.0487937741602	1.38805736609891	-9.99252268275785	-6.20134655929831	-45.7071367981778	1.81573832268658	-62.301943098277	-8.31630036330003	-9.32877277063749	3.39257959492582	0	0	0	0	0	0	0	0	0	0	0	0
EGAF00002382214-CRUK0069	-12.3648204240971	-13.8629313634961	-1.5463314807038	-19.645428987664	-34.2270000686823	-23.8623136138038	-76.6724235073056	-15.0373391429928	-57.9178937182491	-16.2554224986047	-16.7925206840949	-5.49297970931314	0	0	0	0	0	0	0	0	0	0	0	0
EGAF00002382215-CRUK0069	-8.53483909030823	-9.82255039478257	5.41109616070845	-7.28137752439893	-19.3920345644938	-19.2559786166393	-64.6802655758944	-9.86481922399887	-55.062985107029	-14.8785182003547	-10.7669829552896	0.889989581737946	0	0	0	0	0	0	0	0	0	0	0	0
EGAF00002382216-CRUK0069	-4.01751005787438	-6.19333558063049	5.88994724593396	0.572544292641735	-14.2880208083629	-17.0535330207862	-70.2782050374782	-7.62546947097004	-62.7341167286886	-15.0123607088244	-9.52528351577078	2.15947751149291	0	0	0	0	0	0	0	0	0	0	0	0
EGAF00002382217-CRUK0070	-12.7036917203024	-12.4851577983214	-2.06058861230976	-18.4208631935958	-28.7130107219084	-16.888233305216	-45.55992444359	-10.7647239827489	-46.3646621266099	-10.5579064141702	-13.4059049115123	-9.52905927269226	0	0	0	0	0	0	0	0	0	0	0	0
EGAF00002382218-CRUK0070	-12.0448984063802	-10.416754161301	-1.71104571997003	-14.3258865069686	-24.9829193811738	-12.3136505069774	-35.3959048327336	-8.76486681743535	-40.5432225251726	-7.42819588225266	-12.9263629960146	-8.55329606811112	0	0	0	0	0	0	0	0	0	0	0	0
EGAF00002382219-CRUK0070	-11.8572724613645	-11.7451976960639	-1.422555937877	-15.3316669211073	-19.0811611575802	-9.1892862718499	-50.0343885901904	-4.52964781716956	-54.0364622883535	-6.77118292456866	-11.6279564312789	-8.26004621025922	0	0	0	0	0	0	0	0	0	0	0	0
EGAF00002382220-CRUK0070	-3.67135814722511	-5.00837957931576	6.02879479617508	0.332523827543156	-13.4296190207024	-4.07132422972407	-44.3312390211311	1.22673267090553	-45.9376970164718	-5.86476572972775	-8.10933680577248	-5.45422462284225	0	0	0	0	0	0	0	0	0	0	0	0
EGAF00002382221-CRUK0070	1.2472397248098	-4.25689199240316	7.05538734024425	1.36256378430971	-8.87147173387202	1.76801556939237	-36.662401533467	2.61247475190204	-49.3387524274735	-6.40136710896868	-4.63187094466469	-2.15740840701798	0	0	0	0	0	0	0	0	0	0	0	0
EGAF00002382222-CRUK0075	-9.04037247254481	-8.89733229180716	-2.30152797035684	-19.7851708435952	-26.4458823651931	-17.2442703283397	-69.3819873891085	-18.2858777867162	-52.8319631534257	-9.8033197597939	-16.051229314037	-9.67421336082954	0	0	0	0	0	0	0	0	0	0	0	0
EGAF00002382223-CRUK0076	-11.5931185349304	-11.0704077339085	-3.19260941519143	-21.8310560899137	-29.931553747178	-22.4711449441262	-85.5401129850873	-22.9828126183703	-46.6455115628296	-12.3389821885213	-21.3955628886864	-10.1952381878019	0	0	0	0	0	0	0	0	0	0	0	0
EGAF00002382224-CRUK0076	-11.7778937489123	-11.239935821179	-2.70653021788762	-19.609996782555	-30.0294452549116	-21.1509601037681	-74.9244492298166	-19.2636461052864	-40.5200996284704	-11.51120650658	-19.5489776143344	-9.67303016493608	0	0	0	0	0	0	0	0	0	0	0	0
EGAF00002382225-CRUK0077	-10.4448979787408	-11.1748573052004	-2.31143737631933	-15.6482250269335	-24.7444205200726	-15.5972259114772	-65.7780851109311	-11.2969132885788	-61.9949137428204	-13.7328946574196	-11.9894474336726	-7.4031051750979	0	0	0	0	0	0	0	0	0	0	0	0
EGAF00002382226-CRUK0077	-13.4415507942426	-13.6068153833604	-2.47815629514738	-20.2243737660042	-32.7185587685967	-21.6857377452848	-76.0114799742575	-18.0482924678017	-56.0757609352139	-15.2750027233458	-16.2638509286625	-9.47638124296229	0	0	0	0	0	0	0	0	0	0	0	0
EGAF00002382227-CRUK0077	-13.2472422083046	-13.7088337952961	-2.37026584001379	-18.8679943868442	-30.3261072043651	-20.6049826589146	-75.2968543294585	-15.956449052268	-62.417250378811	-16.0525595029489	-14.5598908601739	-8.2309995361153	0	0	0	0	0	0	0	0	0	0	0	0
EGAF00002382228-CRUK0077	-11.3604241877867	-12.6472001120003	-1.8252406354829	-17.6055192469278	-28.8842006152335	-21.2571361579873	-73.3428753851258	-15.1319674384913	-64.3275086332983	-15.1463508047198	-14.3044939234605	-5.77411919855058	0	0	0	0	0	0	0	0	0	0	0	0
EGAF00002382229-CRUK0078	-4.09199852854923	-6.12046469979913	10.2639322978548	-7.8846449265887	-14.2005713567049	-5.71920659814413	-62.8701234209716	1.14072405137426	-84.2476260758825	-9.00763324335642	-11.6002848213666	-5.6913726652519	0	0	0	0	0	0	0	0	0	0	0	0
EGAF00002382230-CRUK0078	1.9781937472503	1.40003505562571	8.7694403309714	0.872453338616948	-7.1290803185592	2.38459177201449	-53.8829278382907	-5.4126272722594	-63.0794701561411	-7.1358782970109	-12.2013900845296	-4.07934178762618	0	0	0	0	0	0	0	0	0	0	0	0
EGAF00002382231-CRUK0079	2.48623480278134	1.34770316883688	10.0585351166439	2.31718107302692	-8.0860267939869	-6.02233347773669	-25.4514925786098	-3.8513469061669	-36.676627016156	-5.54491698040463	-6.63105542899899	2.15334335054985	0	0	0	0	0	0	0	0	0	0	0	0
EGAF00002382232-CRUK0079	1.14332360947011	-2.52410795639815	8.68047153407926	1.95360562846363	-6.36002070050527	-3.599881188483	-33.0453742571447	-3.74351575549192	-34.3399629800753	-5.35812130317747	0.590742363880398	1.35432898110703	0	0	0	0	0	0	0	0	0	0	0	0
EGAF00002382233-CRUK0079	-9.51118821829315	-8.6932616450954	7.57118910645444	0.554388117064994	-20.1918230231312	-14.0722954729626	-49.648590168467	-8.49221398684757	-53.8253873983754	-12.1603253453008	-10.8616494454751	-2.82422773045795	0	0	0	0	0	0	0	0	0	0	0	0
EGAF00002382234-CRUK0079	-4.15873074361286	-3.50885020294499	6.74691959381852	0.998810882784684	-10.9067002520738	-10.5716231500805	-28.6797009838628	-6.53930795520529	-40.6293564063396	-8.56797239405731	-9.53673133662497	0.543526391950798	0	0	0	0	0	0	0	0	0	0	0	0
EGAF00002382235-CRUK0081	-11.5916111494499	-9.9798164786037	-3.08837892554892	-23.3217756601182	-24.5830636787013	-14.4286904016923	-59.674849021595	-15.7283183729276	-39.4661820370417	-9.61506957378917	-12.9848837022405	-12.0476782909517	0	0	0	0	0	0	0	0	0	0	0	0
EGAF00002382236-CRUK0082	-8.80448029475466	-9.75648819592333	-1.95323688179744	-8.20777448303267	-29.546137129351	-21.3057331130588	-57.722173350426	-13.0804302038795	-39.9323035830068	-14.4317268834998	-14.1895675635482	-4.91576310776067	0	0	0	0	0	0	0	0	0	0	0	0
EGAF00002382237-CRUK0082	-7.24413233327297	-9.73113147903117	-2.04907664370428	-10.3138146391705	-25.7909186170388	-16.1330758790069	-55.7778710552294	-8.17591262270799	-45.7896479810908	-12.1181614082534	-12.3979759343588	-5.78413403459307	0	0	0	0	0	0	0	0	0	0	0	0
EGAF00002382238-CRUK0083	-10.2907907116342	-9.43780286836384	6.48218179000439	-14.0341753631992	-25.8577569481493	-11.4534264534996	-31.9993250434068	-9.83386382529194	-31.1825083601573	-5.92989691980142	-10.2949586968834	-8.30889701596462	0	0	0	0	0	0	0	0	0	0	0	0
EGAF00002382239-CRUK0083	-7.6094641125039	-7.84877679551481	7.0863389947579	-13.4750656365888	-22.4206336144533	-7.90182930224319	-38.8805335449458	-7.69182599263944	-40.0990846183706	-5.42255571199186	-10.1250820534449	-7.33678156792928	0	0	0	0	0	0	0	0	0	0	0	0
EGAF00002382240-CRUK0083	-2.44243814346492	-3.53845435253577	7.49010691753515	-7.12346057474749	-15.7883795757847	-2.96029954501	-40.0273815473189	-8.57581460815388	-43.3034224404053	-5.34331014150526	-9.55935733893292	-8.27796920568758	0	0	0	0	0	0	0	0	0	0	0	0
EGAF00002382241-CRUK0083	-5.55091001827112	-7.07896279686169	7.49725384386692	-6.09800876162842	-10.3193663759573	-4.08393255176782	-33.6636154008568	-4.72467180903014	-40.5742119773531	-3.8048763405409	-8.33681124190526	-5.28847426049673	0	0	0	0	0	0	0	0	0	0	0	0
EGAF00002382242-CRUK0084	-12.4812011109414	-13.3924473571031	-2.18558840962752	-14.1731669868864	-32.3502282831273	-23.9879325883702	-69.4265313988663	-15.1170506718482	-55.8170013260405	-16.8474934205677	-12.0875446121858	-6.72361756638051	0	0	0	0	0	0	0	0	0	0	0	0
EGAF00002382243-CRUK0084	-11.9828111011688	-12.8860918724852	-2.19941971613096	-13.4437107352843	-32.1268651445131	-22.0218978879633	-59.7928757342454	-13.6841907108624	-48.5102609271341	-15.4536977028228	-9.76192682255579	-7.13051829410974	0	0	0	0	0	0	0	0	0	0	0	0
EGAF00002382244-CRUK0084	-10.9552323670482	-11.8080469854603	7.31641223811236	-11.0621700895086	-31.2964489462158	-22.1866853910634	-61.8257843548264	-14.1266528535904	-45.9060525415142	-15.2835115494998	-10.9142748656105	-6.23812168078199	0	0	0	0	0	0	0	0	0	0	0	0
EGAF00002382245-CRUK0086	3.2322413557161	1.76722614392441	10.5452487922596	1.08163887090986	-8.78588317284171	-4.13742844091099	-51.4367988338211	-8.35762552580571	-63.7067403530213	-7.83868167401315	-6.35183690292252	3.08322809213359	0	0	0	0	0	0	0	0	0	0	0	0
EGAF00002382246-CRUK0086	-5.56566690032281	-6.30319096509926	6.0222154801826	-6.82424082569555	-11.5394773098214	-13.40650943843	-50.0426372704344	-11.1329529994005	-62.7817840127853	-9.0695328299937	-10.7958399176843	-1.60758714617046	0	0	0	0	0	0	0	0	0	0	0	0
EGAF00002382247-CRUK0086	6.35414055704981	3.72703119339682	14.4997025242342	2.10519957971336	2.27653242654992	1.16242670025175	-55.7425190012718	-5.83240879114035	-61.2056501447664	-6.06834469430997	-7.03687911542324	4.7588708114799	0	0	0	0	0	0	0	0	0	0	0	0
EGAF00002382248-CRUK0090	-5.85741079652405	-6.42342208673176	-1.94344943615277	-15.1456469151672	-26.1122551718755	-18.8576603503651	-73.6793710784993	-19.0710979995135	-43.0577253757949	-10.5943107280262	-11.4715517495043	-5.37358112752708	0	0	0	0	0	0	0	0	0	0	0	0
EGAF00002382249-CRUK0090	-5.35880664201593	-6.67944062205345	6.19001273218937	-12.8577150170859	-23.5116633891208	-20.6936869745363	-82.0876197593851	-19.3894015363596	-59.4695048327287	-12.186391518743	-12.7128407743775	-2.52143718039562	0	0	0	0	0	0	0	0	0	0	0	0
EGAF00002382250-CRUK0094	-9.28558445066332	-6.29517997399369	-2.17831324117773	-18.4219952844911	1.05923549369255	2.52210015132641	0.919100987350799	1.74690097197573	1.1802497822587	1.89960140408162	0.440257897993363	-10.5849833787357	0	0	0	0	0	0	0	0	0	0	0	0
EGAF00002382251-CRUK0094	-8.81887933625899	-6.35445989877392	-2.40548887022748	-16.7973882703196	-11.7247689215232	1.26481918947861	0.974846252740716	1.66195517530394	0.873273947981816	-2.51446244768377	-4.92521196334494	-9.50481710136081	0	0	0	0	0	0	0	0	0	0	0	0
EGAF00002382252-CRUK0094	-3.22822746899706	1.00350061142849	7.28964360459673	-8.42656763982347	1.72116751978972	3.48956098860366	1.09385401448497	2.9714216168571	1.06002618444674	2.43368261392929	0.827782077472898	-4.73920142697305	0	0	0	0	0	0	0	0	0	0	0	0
EGAF00002382253-CRUK0095	2.94568324772474	-4.50118079746265	12.566301947282	0.732201608140508	0.98413246582404	-5.99255349745483	-64.2529712533902	-13.2198539092633	-67.0560217798422	-7.81859412859705	-16.023715544387	2.66438469990822	0	0	0	0	0	0	0	0	0	0	0	0
EGAF00002382254-CRUK0095	-3.94959293776403	-5.02103359289195	11.0504718029188	-9.10349685455923	0.774433939281093	-3.47605064590654	-56.394037524135	-10.451257675643	-71.232781534556	-8.90518244897482	-17.6425610600008	-1.59182559529764	0	0	0	0	0	0	0	0	0	0	0	0
EGAF00002382255-CRUK0096	-3.10975049429282	-1.61303989211805	4.61832208577283	-3.47432221762962	1.89534309808016	3.30514300905799	1.04274846463539	3.02129919976981	-29.8776401739383	-4.84010868256103	-6.06068658502599	-2.70532943107452	0	0	0	0	0	0	0	0	0	0	0	0
EGAF00002382256-CRUK0096	1.9449644979479	1.31637434889527	8.54790711076789	1.8554625421395	2.6581399966522	3.90136274708609	1.42920796843699	3.92085533054373	-20.3126864023704	1.38395895511761	0.942684707114755	-3.10273822269418	0	0	0	0	0	0	0	0	0	0	0	0
EGAF00002382257-CRUK0096	1.30774936653411	1.20156500041243	8.96948068249986	1.17914638828359	2.88557848985464	4.78554854534209	0.74922903567314	2.73477869502873	-29.1270481693463	2.11922938512288	-9.39558867734788	-2.95487972454002	0	0	0	0	0	0	0	0	0	0	0	0
EGAF00002382258-CRUK0096	-3.0340078759711	-2.83778675513793	4.59598214897635	-3.67010339584341	2.25082096162598	4.68121290145957	1.54258341598003	3.50209708690582	0.926273850483459	2.4520232192993	-6.41037803182254	-5.48954170518154	0	0	0	0	0	0	0	0	0	0	0	0
EGAF00002382259-CRUK0096	2.80505903389624	2.60656418646544	7.8198076856875	0.915203781883782	3.32141086802975	4.85301689680902	1.21374827169075	2.78274652312454	0.91978227935621	3.00298563065958	-7.10421612301125	1.55671540745949	0	0	0	0	0	0	0	0	0	0	0	0
EGAF00002382260-CRUK0097	3.94931973117698	2.32371252204002	11.4428520803688	2.91576291770785	1.91476446330063	-3.15883707554468	0.989483890146468	3.60948380963342	-13.1835598631986	-5.51885864755164	1.21088182464128	4.36388758997815	0	0	0	0	0	0	0	0	0	0	0	0
EGAF00002382261-CRUK0098	5.99329530252625	5.01608940256115	13.5052250244168	2.60176217247531	4.34082303604661	7.61730145549245	2.14030583263011	3.61308080783503	2.08915913773265	5.36599580659365	1.19588433932262	2.07767583478292	0	0	0	0	0	0	0	0	0	0	0	0
EGAF00002382262-CRUK0098	3.88358300558006	3.54918896495794	11.1495613094221	2.49503474486315	4.34213890433347	7.29715643942812	2.33527381153057	4.58037027165604	1.86233924017301	4.46517416023364	1.41998031760975	2.20858881519542	0	0	0	0	0	0	0	0	0	0	0	0
EGAF00002382263-CRUK0098	4.72584236636623	4.16905895903736	17.2939764866597	3.52898763625295	5.13850379650983	6.47329180871508	2.49406030973072	4.94300900936207	2.24883193583307	4.92892138987995	1.51192508827305	3.67938671815268	0	0	0	0	0	0	0	0	0	0	0	0
EGAF00002382264-CRUK0099	3.489034969875	1.74658826730257	12.8489122590618	1.1158621067327	1.79376329657967	1.00288744830068	-47.5521987670234	1.19804565479497	-27.5729472366565	-4.06453901135632	-10.4216149802274	2.20601041064645	0	0	0	0	0	0	0	0	0	0	0	0
EGAF00002382265-CRUK0099	7.22211956038941	4.86522545042213	18.0171921595539	2.85281405515602	3.76045087209316	2.73151930067078	-33.3350184094299	2.50675179739084	-15.4708011861945	1.81669586987464	-6.20846518335917	5.28431994967525	0	0	0	0	0	0	0	0	0	0	0	0
EGAF00002382266-CRUK0100	-14.9250850122006	-15.1807059613546	-2.22331255865474	-24.9383433686415	-35.1961775738699	-23.8137665678634	-86.2299014559763	-18.270774149382	-61.10126537518	-14.1367968616467	-15.8513692898719	-9.8135375283018	0	0	0	0	0	0	0	0	0	0	0	0
EGAF00002382267-CRUK0100	-12.2004546288274	-12.4470055191844	6.67867044013692	-18.4804843132688	-27.9902889381716	-22.1105754395628	-78.7444706438951	-13.4716983225566	-59.9480909162278	-13.9700660075698	-15.3060675210356	-5.41316723262569	0	0	0	0	0	0	0	0	0	0	0	0
EGAF00002382268-CRUK0100	-12.1797510857296	-12.4004282762923	6.6008152498066	-17.9324800648914	-29.0176826196557	-23.8540700209641	-81.7265114887498	-16.7794906362376	-52.2418388307698	-14.9035926348262	-15.005027528733	-5.72911023349857	0	0	0	0	0	0	0	0	0	0	0	0
EGAF00002382269-CRUK0002	2.38121549733032	2.01905317504515	8.44895917236179	-12.1399055185998	-14.5814813160334	4.69571273641929	-74.0810688948334	-12.0121143163505	-62.5556124206196	2.25867181808553	-13.60275218909	-5.37329067653366	0	0	0	0	0	0	0	0	0	0	0	0
EGAF00002382270-CRUK0004	6.30376917990177	3.74304580086096	12.3497257768856	1.76189662460705	-9.53942183398308	-5.07134276588532	-91.72861222688	-14.3081888253693	-61.2936417362038	-5.85366926948407	-16.7455262318513	3.91044342585106	0	0	0	0	0	0	0	0	0	0	0	0
EGAF00002382271-CRUK0004	7.3913919070106	4.09777505324876	15.6198586720068	2.52287135211551	1.94873758332313	1.24046102600996	-80.6564712670657	-10.154336392803	-67.8220864254349	-5.19211681755987	-11.9591570626717	5.49584394925653	0	0	0	0	0	0	0	0	0	0	0	0
EGAF00002382272-CRUK0004	3.88173324124798	1.40357288658629	4.57695049119628	-7.34428879017183	-10.8212943448715	-4.59640983606765	-95.5612428433244	-14.0412801148947	-62.7203025163106	-5.55434086067719	-17.713587383819	1.73641356075011	0	0	0	0	0	0	0	0	0	0	0	0
EGAF00002382273-CRUK0005	7.46443725813877	5.09364476670508	9.68551363641323	2.3269474395855	2.00249068245916	1.9349655393457	0.721454817250039	2.15341797777438	0.544827230053404	0.871074679237471	1.6922983408063	3.18466000016192	0	0	0	0	0	0	0	0	0	0	0	0
EGAF00002382274-CRUK0005	4.98816591955994	3.77515925312969	6.15525554897794	-6.00368187924856	-6.81744916353117	3.8815183011255	-49.324141744351	-6.88481531800251	-27.3947866132162	0.947962761539817	0.578578508096945	1.29987545601042	0	0	0	0	0	0	0	0	0	0	0	0
EGAF00002382275-CRUK0005	7.89641857780456	5.33732291305445	8.48031987957654	2.2264010417493	1.29144540213127	1.02767137145115	-51.9385012259377	-6.15747483901582	-31.3318900869917	-5.55936393150585	1.26671804472942	4.35167141138749	0	0	0	0	0	0	0	0	0	0	0	0
EGAF00002382276-CRUK0009	-6.71483021769369	-7.311119871387	-1.59050849364175	-9.81324789325547	-9.21938017331266	-10.296453457474	-27.5613457609502	1.748768502063	-21.7591198827141	-5.01430521206813	-5.20363732343657	-2.77934393500783	0	0	0	0	0	0	0	0	0	0	0	0
EGAF00002382277-CRUK0010	1.52934571016255	-3.27247737733369	7.94310801174117	-14.3043623816127	-10.2071271307463	-2.72788695539132	-66.8429138502395	-13.9924940390226	-35.8794218247474	-3.61450558359205	-14.1948582639762	-2.81177864718835	0	0	0	0	0	0	0	0	0	0	0	0
EGAF00002382278-CRUK0012	6.56182778666255	3.61680132696085	15.4018649091189	2.17967552581502	1.44565061299224	-8.95339617049765	-84.9987625331564	-15.811474183077	-67.2487285556386	-8.17719200119858	-16.4938550564253	5.67342750910431	0	0	0	0	0	0	0	0	0	0	0	0
EGAF00002382279-CRUK0013	-7.34213389531872	-8.41476822723402	8.76521813449578	1.01583817048637	-5.88065510614622	-15.2429646611484	-27.371830842965	1.34658640241804	-33.5661412491303	-9.99799266721677	-6.98649693489999	2.17967293809751	0	0	0	0	0	0	0	0	0	0	0	0
EGAF00002382280-CRUK0013	-9.11110942896714	-10.2550769805609	8.09485756409245	0.590413741958632	-8.60347622050016	-17.4973687469985	-31.2869012330172	1.09424379791125	-38.1090874704195	-11.504158477074	-8.98232318022852	1.59331393088468	0	0	0	0	0	0	0	0	0	0	0	0
EGAF00002382281-CRUK0013	-5.90623872618017	-6.52907181549126	8.22818126374082	-3.0138692467074	-12.3443046298995	-16.8332595512795	-37.5124971175813	-9.54400990898059	-34.9369514567192	-8.7955856307151	-9.32674073831638	-2.15623411223515	0	0	0	0	0	0	0	0	0	0	0	0
EGAF00002382282-CRUK0013	1.06206359498118	-1.89669168897246	14.9867022556308	1.40073859123444	1.48832172522079	-6.7869107992231	-41.8010438342447	0.957873953264816	-32.8748087839712	-3.42727490377427	-8.59953469946377	1.81137433774479	0	0	0	0	0	0	0	0	0	0	0	0
EGAF00002382283-CRUK0013	-5.64482245512585	-7.01332749988127	10.3960641498948	1.27467209939268	-6.86637565663285	-18.9250669569917	-37.7410695883798	1.25820403696972	-41.4725420173188	-12.4395169431594	-11.9013007945292	2.65474341503542	0	0	0	0	0	0	0	0	0	0	0	0
EGAF00002382284-CRUK0014	4.66982594096133	2.9855491023302	10.3388967532103	-4.72958053936153	1.37812801170014	1.62432424683342	-90.3463774455952	-16.1899466946598	-57.6475172920937	-5.03358540891119	-18.848314099787	2.77831343634866	0	0	0	0	0	0	0	0	0	0	0	0
EGAF00002382285-CRUK0017	-4.54903440283838	-6.53376754119952	6.64839233024875	1.00360881316518	-12.027441051675	-16.5672303565362	-75.3163190360108	-7.89288273830272	-57.5730495046336	-13.2986382462342	-13.5697824244775	2.02603215733262	0	0	0	0	0	0	0	0	0	0	0	0
EGAF00002382286-CRUK0017	4.95769469903665	2.53653463880248	12.9785499148795	2.71963533790777	1.49087213150443	-6.29908573817223	-26.3962568347735	2.92543736668987	-40.7992716900137	-6.47159434530509	1.51296083567168	5.42380416633875	0	0	0	0	0	0	0	0	0	0	0	0
EGAF00002382287-CRUK0017	4.03733751426878	2.01668195002995	12.3036353338928	1.7669006533934	1.06414232105924	-4.26634535975933	-43.3649816528656	1.67352634917589	-50.9927416059993	-7.53820068569368	0.529469725962993	4.11272902952674	0	0	0	0	0	0	0	0	0	0	0	0
EGAF00002382288-CRUK0018	2.66656288742592	1.84011507861655	10.8665919914482	-4.3599134923231	1.06972910975905	2.87517768493914	-49.7493441464508	-11.1019474996419	-31.3749750280024	1.79489453338142	-13.9404174289313	0.95531915525603	0	0	0	0	0	0	0	0	0	0	0	0
EGAF00002382289-CRUK0018	2.52502714652128	1.10833572465015	8.31489680567248	-5.97272387251882	-9.95315229351793	-7.53248568402137	-89.7980461279083	-20.1817623909436	-54.4958498383264	-6.24552676865407	-15.533676612511	1.32011554117779	0	0	0	0	0	0	0	0	0	0	0	0
EGAF00002382290-CRUK0018	1.67507184687798	1.46474531938682	9.60881518355204	-6.73034171315004	1.10950840616072	4.56239562451392	-78.4118632294709	-17.4356820059435	-46.2672233759365	1.4858479750618	-16.3498135584018	1.08260401743069	0	0	0	0	0	0	0	0	0	0	0	0
EGAF00002382291-CRUK0018	3.61477135708124	2.03329016926524	10.4417128169009	-4.88992488236693	0.74245208001487	1.18234773425105	-85.082653714142	-16.332694340328	-51.661621619144	-2.96802213365462	-17.6829648021091	1.95171187423661	0	0	0	0	0	0	0	0	0	0	0	0
EGAF00002382292-CRUK0019	-2.60068994606363	-3.11316738320003	-1.41639602186844	-17.089448804934	-15.0820235878243	-6.20700636797226	-114.932075249305	-21.6402700745692	-67.2007114852076	-8.42098523918111	-21.9869594273486	0.807723842817326	0	0	0	0	0	0	0	0	0	0	0	0
EGAF00002382293-CRUK0020	6.96460132867199	5.19555864812231	16.9782491915145	3.57536710554391	4.6439990392137	7.06477111082562	1.8104305196823	4.43793188570002	1.1644221513242	4.39715784303201	1.36742399179513	3.8321529024344	0	0	0	0	0	0	0	0	0	0	0	0
EGAF00002382294-CRUK0020	7.48754359254755	5.33605719852153	22.1920244406286	4.27971017398066	5.30523085104547	6.6672289698227	2.059730215397	4.78721589564257	1.38832055999992	4.19789082679835	1.44096001326467	5.7061832356698	0	0	0	0	0	0	0	0	0	0	0	0
EGAF00002382295-CRUK0021	-7.84711204172427	-7.52314117383921	7.73029209406224	-12.603148008826	-19.2170182794197	-8.30108465976178	-53.4749078723965	-8.46512732176752	-43.4242727645284	-6.91196218818507	-10.4977785646439	-7.37024602085644	0	0	0	0	0	0	0	0	0	0	0	0
EGAF00002382296-CRUK0021	-4.71751415752281	-6.23184020998185	6.08648066453117	-11.6507546004128	-20.9956931664114	-9.32478140468083	-49.3580106253891	-6.18808505750492	-46.9200660907198	-9.24919432585047	-7.46388165645537	-4.00372593600531	0	0	0	0	0	0	0	0	0	0	0	0
EGAF00002382297-CRUK0023	-7.4742762667027	-6.60005665150901	6.66143681097501	-13.6042953371692	-13.9768316031173	-13.8846750899036	-77.7298701811932	-16.9207055672122	-60.0994200367852	-9.50147636843945	-19.9654350911961	-2.93723827950308	0	0	0	0	0	0	0	0	0	0	0	0
EGAF00002382298-CRUK0023	2.99669528764319	2.50779504659598	8.94296305313749	-8.80591919294835	-11.5009757588473	2.68086101931872	-72.6196990820709	-13.2358578004331	-57.960927152583	-6.00402621516071	-17.0199259097877	0.902052926179001	0	0	0	0	0	0	0	0	0	0	0	0
EGAF00002382299-CRUK0024	7.99240740708873	5.72827980553903	24.1890144433837	4.39646584462096	4.93121760514954	3.58906139061223	1.01900825384013	3.8177441120888	-19.7088397916074	1.584588558466	-4.83871468909101	7.2619703222662	0	0	0	0	0	0	0	0	0	0	0	0
EGAF00002382300-CRUK0024	2.09027643217412	1.80121958702073	9.11710560509155	0.801311189884817	1.09135596597154	-9.38150553513379	-48.3440727434491	-9.71378215386725	-34.9357440133073	-7.36701711314291	-9.60311603198247	2.49687200396641	0	0	0	0	0	0	0	0	0	0	0	0
EGAF00002382301-CRUK0024	3.17289788402398	1.62895570194403	12.9227739089619	2.19579834640967	2.49435662512514	1.55277339519989	-30.1592538583471	1.68675963885496	-38.4221664940539	-3.26776841132799	-10.0912882194108	3.54063237018608	0	0	0	0	0	0	0	0	0	0	0	0
EGAF00002382302-CRUK0025	1.68272623049394	1.19979387964719	8.72943456072692	-10.0520693200092	-6.92062540196977	-4.8511482637276	-77.4413217758717	-18.3177546868605	-38.0555754401715	-3.18088447137959	-12.7221647769229	-2.47026115283411	0	0	0	0	0	0	0	0	0	0	0	0
EGAF00002382303-CRUK0025	3.47492275840196	2.29665052594697	10.9091609149779	-5.84758293274528	-6.59764616681331	0.870415270795709	-66.7148636779189	-16.630339517454	-40.7318043527769	0.869112072576255	-14.2622415645534	0.962366979551084	0	0	0	0	0	0	0	0	0	0	0	0
EGAF00002382304-CRUK0026	7.8174394859789	4.81786480041002	13.1868720107849	1.93639280447984	1.74841849892989	1.66699547771491	-51.6745063089273	1.09941795626917	-46.5626807260171	-4.18395265069155	-6.06908230527987	5.00009989865658	0	0	0	0	0	0	0	0	0	0	0	0
EGAF00002382305-CRUK0027	8.05198226260269	5.53703554842835	24.715006040018	4.14981539658141	5.16373167108842	5.85876448763097	1.15705839209379	4.07451409970684	-18.9197937858553	2.99075480789357	1.17978800787671	6.68293818139253	0	0	0	0	0	0	0	0	0	0	0	0
EGAF00002382306-CRUK0027	8.62072607038987	6.22116857187811	22.4881543086111	4.11144408258318	5.32151110546656	6.27594207495244	1.35705942459997	3.99349258350021	-15.1296655914172	3.94581505197225	1.14671155778773	7.01692198168581	0	0	0	0	0	0	0	0	0	0	0	0
EGAF00002382307-CRUK0028	2.91014574479509	1.25144602647974	7.09777625443685	0.616404157988304	0.740884248923306	-3.97154133716574	-97.1316227012723	-15.0033606911553	-67.6810564671931	-9.88260972135334	-19.1598219963505	3.15437784699816	0	0.221	0	0.95	0.822	0	0	0	0	0	0	0
