m1.s.avg	m1.s.max	m1.s.min	m1.s.adj	m1.s.rev	m2.s.avg	m2.s.max	m2.s.min
CRUK0002	4.44097446973587	4.44097446973587	4.44097446973587	4.44097446973587	4.44097446973587	4.44097446973587	4.44097446973587	4.44097446973587
CRUK0004	3.79940468168848	3.96079516692015	3.59838751744987	4.23510030434551	3.32408238002451	3.79940468168848	3.92985292458626	3.54442486114086
CRUK0005	3.70848253114932	3.80050064536595	3.57775954160002	4.01053798525998	3.36772220170599	3.70848253114932	3.92393888093396	3.47224408656453
CRUK0009	4.4698919752359	4.4698919752359	4.4698919752359	4.4698919752359	4.4698919752359	4.4698919752359	4.4698919752359	4.4698919752359
CRUK0010	4.01799022355969	4.01799022355969	4.01799022355969	4.01799022355969	4.01799022355969	4.01799022355969	4.01799022355969	4.01799022355969
CRUK0012	3.32919537006052	3.32919537006052	3.32919537006052	3.32919537006052	3.32919537006052	3.32919537006052	3.32919537006052	3.32919537006052
CRUK0013	4.87032733011994	5.1313990331908	4.49731751495016	5.40062245926743	4.22809408887352	4.87032733011994	5.07897129107949	4.50240147003809
CRUK0014	3.86225396456956	3.86225396456956	3.86225396456956	3.86225396456956	3.86225396456956	3.86225396456956	3.86225396456956	3.86225396456956
CRUK0017	3.6548458975701	3.78350809287202	3.54892628426651	4.17495609282901	3.15747828430952	3.6548458975701	3.8434807658328	3.53294341341005
CRUK0018	3.93223448634525	4.3180495557352	3.50002188917464	4.73092127226277	3.08715017264707	3.93223448634525	4.28843724858558	3.45849969862195
CRUK0019	3.61483493025754	3.61483493025754	3.61483493025754	3.61483493025754	3.61483493025754	3.61483493025754	3.61483493025754	3.61483493025754
CRUK0020	4.38247136416385	4.48980184853391	4.27514087979378	4.6432175728345	4.12172515549319	4.38247136416385	4.51633031403984	4.24861241428785
CRUK0021	4.92632243883652	5.0649553128204	4.78768956485264	5.19538532288886	4.65725955478417	4.92632243883652	5.17295306494247	4.67969181273056
CRUK0023	4.07392038597932	4.22707927685108	3.92076149510756	4.44490945101992	3.70293132093872	4.07392038597932	4.16354464532299	3.98429612663565
CRUK0024	3.81953339378873	3.8735109029038	3.75484961318027	4.15676033409397	3.47160018199009	3.81953339378873	3.87495795603252	3.76274952269393
CRUK0025	4.0827853860177	4.11796207667495	4.04760869536045	4.25808584807136	3.90748492396404	4.0827853860177	4.14142187358099	4.02414889845441
CRUK0026	3.67370424693324	3.67370424693324	3.67370424693324	3.67370424693324	3.67370424693324	3.67370424693324	3.67370424693324	3.67370424693324
CRUK0027	3.91706037085144	4.08988861095241	3.74423213075047	4.18437758321641	3.64974315848648	3.91706037085144	4.12609554424651	3.70802519745637
CRUK0028	3.653688478853	3.653688478853	3.653688478853	3.653688478853	3.653688478853	3.653688478853	3.653688478853	3.653688478853
CRUK0029	4.97188011327418	5.23779212777348	4.73224869257658	5.54925999858065	4.42078082176941	4.97188011327418	5.2761354775205	4.56860256037472
CRUK0030	4.51310701775874	4.691013347954	4.33520068756347	4.78205024960686	4.24416378591062	4.51310701775874	4.71199397086632	4.31422006465115
CRUK0031	4.61586927089817	4.61586927089817	4.61586927089817	4.61586927089817	4.61586927089817	4.61586927089817	4.61586927089817	4.61586927089817
CRUK0032	2.57383449562992	2.57383449562992	2.57383449562992	2.57383449562992	2.57383449562992	2.57383449562992	2.57383449562992	2.57383449562992
CRUK0033	3.93923341960486	3.9508226504297	3.92764418878001	4.03702291383733	3.84144392537238	3.93923341960486	3.97960171634964	3.89886512286007
CRUK0035	3.87877352912518	4.0138755733777	3.83781535620877	4.39645206557346	3.45523886401301	3.87877352912518	4.15968018238308	3.64775922541932
CRUK0036	4.79610815586517	5.10038778364235	4.41744615685922	5.36613987142071	4.15169406908086	4.79610815586517	5.10971024396984	4.5238825127402
CRUK0037	3.87403077418325	4.21779019820891	3.5600304214765	4.71860346516506	3.05921715452035	3.87403077418325	4.09578941237046	3.61513183118482
CRUK0039	4.28788129024906	4.39237252850994	4.19675994389454	4.58457009107249	4.00456238133198	4.28788129024906	4.38641606998734	4.19238074420425
CRUK0041	4.82658299887897	5.15131038592734	4.40387653935471	5.47192986636214	4.0832570589199	4.82658299887897	5.13470882180525	4.32118141233019
CRUK0042	3.91678877909547	3.91678877909547	3.91678877909547	3.91678877909547	3.91678877909547	3.91678877909547	3.91678877909547	3.91678877909547
CRUK0044	4.11613505427375	4.11613505427375	4.11613505427375	4.11613505427375	4.11613505427375	4.11613505427375	4.11613505427375	4.11613505427375
CRUK0046	4.0310697249602	4.08182040415215	3.96594075338594	4.24764252205553	3.80011863548256	4.0310697249602	4.10409201728664	3.96273778617907
CRUK0047	4.1531458978201	4.19631707638461	4.10997471925559	4.2789823402013	4.0273094554389	4.1531458978201	4.2111159625645	4.0951758330757
CRUK0048	4.0481926343056	4.0481926343056	4.0481926343056	4.0481926343056	4.0481926343056	4.0481926343056	4.0481926343056	4.0481926343056
CRUK0050	4.52975280992063	4.62941353159562	4.41143930811873	4.80540824352981	4.23544459618454	4.52975280992064	4.6201860063989	4.44354227329631
CRUK0052	4.59673858257803	4.79778917606624	4.49823447507778	5.08101283638469	4.21501081475933	4.59673858257803	4.97144455866273	4.26405321340064
CRUK0053	4.41520214094222	4.41520214094222	4.41520214094222	4.41520214094222	4.41520214094222	4.41520214094222	4.41520214094222	4.41520214094222
CRUK0055	3.83502467329693	3.83502467329693	3.83502467329693	3.83502467329693	3.83502467329693	3.83502467329693	3.83502467329693	3.83502467329693
CRUK0057	4.19843366775618	4.45068824343136	3.946179092081	4.60043001387487	3.79643732163749	4.19843366775618	4.53912133227411	3.85774600323825
CRUK0060	3.91690550906274	3.91690550906274	3.91690550906274	3.91690550906274	3.91690550906274	3.91690550906274	3.91690550906274	3.91690550906274
CRUK0061	4.24427429259971	4.38001271199198	4.10853587320744	4.5999843941309	3.88856419106852	4.24427429259971	4.45605872404208	4.03248986115735
CRUK0095	4.4012781957249	4.42963193659362	4.37292445485618	4.53808299510962	4.26447339634018	4.4012781957249	4.42937081731588	4.37318557413392
CRUK0096	4.89439454378853	4.98744224161393	4.78630307881505	5.27653059355947	4.49721472686951	4.89439454378853	4.99529654378237	4.75013855599654
CRUK0099	4.33596482628658	4.40729296389776	4.2646366886754	4.55913404839064	4.11279560418251	4.33596482628658	4.42673907629621	4.24519057627694
CRUK0094	5.30699157466527	5.49102927095262	5.16540797262627	5.70857254163073	4.94786470194816	5.30699157466527	5.65408449412347	5.12910726836885
CRUK0098	4.45198792207269	4.63161610495013	4.22981958471544	4.8563888929268	4.00504679673877	4.45198792207269	4.59233554588035	4.23602673058509
CRUK0097	4.07764594106328	4.07764594106328	4.07764594106328	4.07764594106328	4.07764594106328	4.07764594106328	4.07764594106328	4.07764594106328
CRUK0100	4.1448873874537	4.30786051386566	3.98195139962221	4.56063528868816	3.7291766247997	4.1448873874537	4.25801081356807	4.05170327792341
CRUK0062	4.98274025739445	5.22561865074983	4.64543274015384	5.89240218896894	3.97864920193473	4.98274025739445	5.45985987112709	4.66652245381652
CRUK0065	5.17577418912417	5.27098321651917	4.96763807349786	5.78338788349188	4.45523340652514	5.17577418912417	5.40305935038112	4.81922300385315
CRUK0067	5.30387223172752	5.35703226139922	5.25071220205583	5.70314827940137	4.90459618405368	5.30387223172752	5.66436377510864	4.94338068834641
CRUK0069	4.22511040144132	4.81262302234833	3.10953035482669	6.23890189971463	1.68325147746039	4.22511040144132	5.16098089617397	3.10953035482669
CRUK0070	4.8791585918661	5.04479388984414	4.58498825830828	5.44451580852228	4.18526633963014	4.8791585918661	5.1558500021108	4.58586396840188
CRUK0075	4.79714785637892	4.79714785637892	4.79714785637892	4.79714785637892	4.79714785637892	4.79714785637892	4.79714785637892	4.79714785637892
CRUK0076	4.34975607649218	4.39755637416798	4.30195577881639	4.48463336911138	4.21487878387299	4.34975607649218	4.45247462012651	4.24703753285786
CRUK0077	4.7490955794508	4.89950117121675	4.5830461233343	5.30325459062252	4.17929270392853	4.7490955794508	4.96591782842001	4.39297607517262
CRUK0078	4.53157963154161	4.53018638232136	4.53297288076185	4.79550871532743	4.26765054775578	4.53157963154161	4.59905605146311	4.4641032116201
CRUK0079	4.62900215085431	4.70420876904255	4.56483478752776	4.9389375055	4.33010605107032	4.62900215085431	4.69533816390666	4.5417030270308
CRUK0081	4.99507099745243	4.99507099745243	4.99507099745243	4.99507099745243	4.99507099745243	4.99507099745243	4.99507099745243	4.99507099745243
CRUK0082	4.93887701079711	5.0339314573684	4.84382256422583	5.11264295746512	4.76511106412911	4.93887701079712	4.98895517145111	4.88879885014313
CRUK0083	4.42552799383614	4.40575186495399	4.35646207560352	5.05073694836015	3.71147699219736	4.42552799383614	4.54632261405946	4.27618921238733
CRUK0084	4.47679789557422	4.49480976806509	4.45952299576279	4.57413630333801	4.38019646048987	4.47679789557422	4.53280197450726	4.413598795018
CRUK0086	4.42961459410774	4.75693750921891	4.22677835314554	4.90719529342738	4.07652056893706	4.42961459410774	4.85715056194504	4.20277780340461
CRUK0090	4.81254014313824	4.88936996232917	4.73571032394731	4.96616244108264	4.65891784519384	4.81254014313824	4.87954607508841	4.74553421118807
