m1.s.avg	m1.s.max	m1.s.min	m1.s.adj	m1.s.rev	m2.s.avg	m2.s.max	m2.s.min
CRUK0002	2.18089093089472	2.18089093089472	2.18089093089472	2.18089093089472	2.18089093089472	2.18089093089472	2.18089093089472	2.18089093089472
CRUK0004	1.70351302677086	1.83090953733308	1.51573407238556	2.04020334412608	1.30644026559256	1.70351302677086	1.83230444998966	1.49303183617191
CRUK0005	2.49158120840147	2.91841933445827	2.10374181221868	3.28099064493244	1.74117050174451	2.49158120840147	2.91083154369878	2.06852406599751
CRUK0009	2.63159177457095	2.63159177457095	2.63159177457095	2.63159177457095	2.63159177457095	2.63159177457095	2.63159177457095	2.63159177457095
CRUK0010	1.38846224905726	1.38846224905726	1.38846224905726	1.38846224905726	1.38846224905726	1.38846224905726	1.38846224905726	1.38846224905726
CRUK0012	1.60965527578264	1.60965527578264	1.60965527578264	1.60965527578264	1.60965527578264	1.60965527578264	1.60965527578264	1.60965527578264
CRUK0013	2.20326516494165	2.34142539538546	2.11507990846392	3.02921100674714	1.42729429710224	2.20326516494165	2.47146315602544	1.9835285491265
CRUK0014	1.94712355732179	1.94712355732179	1.94712355732179	1.94712355732179	1.94712355732179	1.94712355732179	1.94712355732179	1.94712355732179
CRUK0017	1.66519276574371	2.06329111515607	1.29688290069296	2.31500606315155	1.04516795269748	1.6651927657437	2.18735116241604	1.18589322230334
CRUK0018	1.99565898311015	2.50259867820019	1.46334305684391	3.0456542558929	0.920287479151204	1.99565898311015	2.50259867820019	1.4590856094068
CRUK0019	1.50674353004198	1.50674353004198	1.50674353004198	1.50674353004198	1.50674353004198	1.50674353004198	1.50674353004198	1.50674353004198
CRUK0020	2.67247780026185	2.88415882203847	2.46079677848524	3.02151908475576	2.32343651576795	2.67247780026185	2.88415882203847	2.46079677848524
CRUK0021	2.66685303420109	2.74071921508554	2.59298685331664	2.99449341109503	2.33921265730715	2.66685303420109	2.74071921508554	2.59298685331664
CRUK0023	2.35075789311985	2.43125026104598	2.27026552519373	2.6497773757197	2.05173841052	2.35075789311985	2.49276859866437	2.20874718757534
CRUK0024	2.15480104655686	2.27481923565438	2.01482129079113	2.67202578197988	1.61761474446562	2.15480104655686	2.27481923565438	2.03152048931654
CRUK0025	2.45150889966145	2.5222709451972	2.38074685412569	2.62792508031803	2.27509271900487	2.45150889966145	2.51473960829629	2.3882781910266
CRUK0026	1.84691185121024	1.84691185121024	1.84691185121024	1.84691185121024	1.84691185121024	1.84691185121024	1.84691185121024	1.84691185121024
CRUK0027	2.46727480863251	2.78409550849298	2.15045410877203	3.17132313793999	1.76322647932503	2.46727480863251	2.76705485476587	2.16749476249915
CRUK0028	1.53821669645356	1.53821669645356	1.53821669645356	1.53821669645356	1.53821669645356	1.53821669645356	1.53821669645356	1.53821669645356
CRUK0029	3.27573012207445	3.48093813565819	2.94194224586471	4.05191046528399	2.37096991623891	3.27573012207445	3.54557170600213	2.94544099031745
CRUK0030	2.78467851084274	3.0008313340078	2.56852568767768	3.27216046148263	2.29719656020286	2.78467851084274	3.0008313340078	2.56852568767768
CRUK0031	2.43839245715445	2.43839245715445	2.43839245715445	2.43839245715445	2.43839245715445	2.43839245715445	2.43839245715445	2.43839245715445
CRUK0032	1.39363658312145	1.39363658312145	1.39363658312145	1.39363658312145	1.39363658312145	1.39363658312145	1.39363658312145	1.39363658312145
CRUK0033	1.36468666824823	1.41798672698322	1.31138660951323	1.46812194979191	1.26125138670454	1.36468666824823	1.42997198229834	1.29940135419812
CRUK0035	1.79847575959044	1.92934151070093	1.55660849584269	2.12057555655663	1.36537444998698	1.79847575959044	1.86755867827153	1.68127645429113
CRUK0036	2.82121481133001	2.84569553707282	2.78412914643634	3.2196174422343	2.41020724127486	2.82121481133001	3.12479438406933	2.48793319999289
CRUK0037	2.26339810416462	2.41628566504011	2.1242528677806	2.9002533238305	1.64028520899021	2.26339810416462	2.45921589711342	2.13763151597901
CRUK0039	2.52765495851391	2.47926819331977	2.56018992075096	2.76010439695781	2.27935371711292	2.52765495851391	2.5842536190052	2.47209943366052
CRUK0041	2.66426459837813	2.81556810684444	2.53340450608432	3.32509687257138	2.02387574035737	2.66426459837813	2.77561813816054	2.50005691672532
CRUK0042	1.59417577486018	1.59417577486018	1.59417577486018	1.59417577486018	1.59417577486018	1.59417577486018	1.59417577486018	1.59417577486018
CRUK0044	1.71823981896064	1.71823981896064	1.71823981896064	1.71823981896064	1.71823981896064	1.71823981896064	1.71823981896064	1.71823981896064
CRUK0046	1.64382020477979	1.69869247451669	1.49267465736032	1.81994898345622	1.37141814842079	1.64382020477979	1.73969360765007	1.50743960195593
CRUK0047	1.8874881874448	1.93045845942701	1.84451791546259	2.02827147009313	1.74670490479647	1.8874881874448	1.93300061407675	1.84197576081285
CRUK0048	1.93479452507442	1.93479452507442	1.93479452507442	1.93479452507442	1.93479452507442	1.93479452507442	1.93479452507442	1.93479452507442
CRUK0050	1.74979513710776	2.02912669806261	1.6770481923621	2.69959507014249	1.00657982028222	1.74979513710776	1.96137084405968	1.67315578637167
CRUK0052	2.23762780601563	2.12377974711564	2.18464632147987	2.72235844084802	1.58606762774748	2.23762780601563	2.42946372845361	2.12133855919934
CRUK0053	2.21634119419133	2.21634119419133	2.21634119419133	2.21634119419133	2.21634119419133	2.21634119419133	2.21634119419133	2.21634119419133
CRUK0055	2.59169137972921	2.59169137972921	2.59169137972921	2.59169137972921	2.59169137972921	2.59169137972921	2.59169137972921	2.59169137972921
CRUK0057	2.55960609807868	2.79920732854609	2.32000486761127	2.92920501511611	2.19000718104126	2.55960609807868	2.79165054164483	2.32756165451254
CRUK0060	2.14908981905485	2.14908981905485	2.14908981905485	2.14908981905485	2.14908981905485	2.14908981905485	2.14908981905485	2.14908981905485
CRUK0061	1.79780389506472	1.85858903946977	1.73701875065968	1.91778762329487	1.67782016683458	1.79780389506472	1.91778762329487	1.67782016683458
CRUK0095	2.62092954217216	2.78786795778447	2.45399112655985	2.8404731410375	2.40138594330682	2.62092954217216	2.78390750449837	2.45795157984595
CRUK0096	2.73259226253968	2.95874749406295	2.62737671795649	3.49427331289001	2.09185089912943	2.73259226253968	2.83953644784722	2.63045541422165
CRUK0099	2.28047802783153	2.35678358726318	2.20417246839989	2.57539591138664	1.98556014427643	2.28047802783153	2.33019363943468	2.23076241622839
CRUK0094	2.97215919065224	3.2302724313526	2.84115905702714	3.55097882451415	2.52045266386558	2.97215919065224	3.22518269995226	2.84324760673905
CRUK0098	2.41572454125182	2.76795169823105	2.18917956070094	3.19704294827211	1.76008831065988	2.41572454125182	2.76795169823105	2.12440510120509
CRUK0097	3.16834077614495	3.16834077614495	3.16834077614495	3.16834077614495	3.16834077614495	3.16834077614495	3.16834077614495	3.16834077614495
CRUK0100	2.56148153797675	2.57667996617905	2.4609947868157	3.18192551995953	1.85574923303522	2.56148153797675	2.65978583739107	2.44797881036013
CRUK0062	2.04049128820551	1.96050476978496	2.14165744043153	3.16709242130136	0.93506978891513	2.04049128820551	2.21391441000424	1.77679981571218
CRUK0065	2.31369197641713	2.64470195840554	2.05150732956418	3.05820295382297	1.63800633414676	2.31369197641713	2.54271019172254	2.05216814806567
CRUK0067	2.67006362584515	2.75584090536536	2.58428634632494	3.17484766640868	2.16527958528161	2.67006362584515	2.74412309449714	2.59600415719316
CRUK0069	2.27022250195023	2.80622366015423	1.49292910677277	4.75819818329705	-0.459045416370051	2.27022250195023	2.79816917762605	1.49292910677277
CRUK0070	2.814210649661	2.9886190816731	2.70224606318642	3.29050781693981	2.40035732791971	2.814210649661	2.88371275916785	2.73931143707989
CRUK0075	2.95073698086793	2.95073698086793	2.95073698086793	2.95073698086793	2.95073698086793	2.95073698086793	2.95073698086793	2.95073698086793
CRUK0076	2.04124447306604	2.09706431773512	1.98542462839696	2.16982573506233	1.91266321106974	2.04124447306604	2.05007562241003	2.03241332372204
CRUK0077	2.43546871016722	2.55895781665414	2.32001650535069	3.02671319148476	1.85226113052007	2.43546871016722	2.59396977856562	2.33583773398364
CRUK0078	2.19456739671305	2.55651651160627	1.83261828181984	2.71113897687173	1.67799581655438	2.19456739671305	2.42746789092738	1.96166690249873
CRUK0079	1.94572124996359	1.99183400058726	1.85689696089401	2.18164954310913	1.66708141837214	1.94572124996359	2.06011089743753	1.77953088973119
CRUK0081	2.88895686638299	2.88895686638299	2.88895686638299	2.88895686638299	2.88895686638299	2.88895686638299	2.88895686638299	2.88895686638299
CRUK0082	2.46835756842697	2.63992152633529	2.29679361051865	2.88467673588347	2.05203840097047	2.46835756842697	2.63992152633529	2.29679361051865
CRUK0083	2.14073371981177	2.21938329138847	2.09262598891711	2.74936082570813	1.56264845459745	2.14073371981177	2.37291436345146	1.95148972999742
CRUK0084	2.99870397939034	3.06201559415023	2.89971894185454	3.20751581043859	2.75421872556617	2.99870397939034	3.05954203269333	2.89270941603979
CRUK0086	2.61290555991899	2.91348311022169	2.35561378332722	3.48593398935846	1.78316290419044	2.61290555991899	2.91348311022169	2.37845690335878
CRUK0090	2.32631028917352	2.42695743237588	2.22566314597116	2.62414900508633	2.0284715732607	2.32631028917352	2.42695743237588	2.22566314597116
