m1.s.avg	m1.s.max	m1.s.min	m1.s.adj	m1.s.rev	m2.s.avg	m2.s.max	m2.s.min
CRUK0150	3.02993027278237	3.2063815766176	2.80430553345163	3.73925367737363	2.2714334326956	3.02993027278237	3.25217724992524	2.77308860379804
CRUK0117	1.44095317843206	1.54493672374299	1.33696963312113	1.9469795982062	0.934926758657922	1.44095317843206	1.5137324649512	1.36817389191292
CRUK0128	0.94107056616849	0.94107056616849	0.94107056616849	0.94107056616849	0.94107056616849	0.94107056616849	0.94107056616849	0.94107056616849
CRUK0134	2.57682174232022	2.63402910746876	2.46482570220463	3.26306860496022	1.83578620471317	2.57682174232022	2.69485117672585	2.42697877024827
CRUK0146	2.43304941639674	2.58408496534427	2.22599359609934	2.94227336210714	1.86780519933647	2.43304941639674	2.49098117935326	2.33527671117729
CRUK0196	2.81097669907433	2.90190215456516	2.7200512435835	3.02197600518399	2.59997739296467	2.81097669907433	2.86106081150218	2.76089258664648
CRUK0124	1.49278096001354	1.53634195905694	1.44921996097014	1.74696917681782	1.23859274320927	1.49278096001354	1.56537033737882	1.42019158264826
CRUK0199	1.50580344730476	1.50580344730476	1.50580344730476	1.50580344730476	1.50580344730476	1.50580344730476	1.50580344730476	1.50580344730476
CRUK0182	1.77442461867084	1.85717016720148	1.69167907014019	2.07458663471905	1.47426260262262	1.77442461867084	1.87870667385395	1.67014256348772
CRUK0183	2.23124516633612	2.23124516633612	2.23124516633612	2.23124516633612	2.23124516633612	2.23124516633612	2.23124516633612	2.23124516633612
CRUK0129	2.74056320928229	2.85912641546081	2.49593217999193	3.45267400837888	1.90238458707387	2.74056320928229	2.93640121357397	2.58581448409019
CRUK0157	2.33205275018709	2.78420932399915	1.95641692137022	3.18221435890323	1.55841188646614	2.33205275018709	2.7708844663767	2.07377051275138
CRUK0118	2.01486661289116	2.16599013296918	1.86374309281314	2.30046619005727	1.72926703572506	2.01486661289116	2.12330023695263	1.90643298882969
CRUK0142	1.87197870471562	1.86356420588448	1.88039320354675	2.21057208742596	1.53338532200528	1.87197870471562	1.95448691091113	1.78947049852011
CRUK0115	1.71962269548855	1.7891966210144	1.6500487699627	1.82742365254532	1.61182173843179	1.71962269548855	1.72583810371225	1.71340728726485
CRUK0178	1.9856457902967	2.52454876876011	1.41310992252112	2.93975510740068	0.997903583880546	1.9856457902967	2.38904633501337	1.44435545119305
CRUK0259	1.86496171811379	2.02717084546795	1.70275259075963	2.49436671906959	1.23555671715799	1.86496171811379	2.09861507442655	1.63130836180103
CRUK0270	1.96757995642039	2.00537882222988	2.01557791790737	2.84585348823622	1.17510325190103	1.96757995642039	2.05890409609437	1.83065934434069
CRUK0235	0.879403114390108	1.05855602317978	0.704554761996807	1.30880015693657	0.454310628240011	0.879403114390108	1.10086211864767	0.676845492192564
CRUK0296	1.54945196052065	1.5537331335941	1.54517078744721	1.78529998211328	1.31360393892803	1.54945196052065	1.6012710251184	1.4976328959229
CRUK0253	1.01759475149892	1.28638243178799	0.784002876428854	1.99267897088333	0.0777063373335133	1.01759475149892	1.26749785595259	0.784002876428854
CRUK0290	2.40697730556611	2.75540741259258	2.05854719853963	3.08635025788713	1.72760435324509	2.40697730556611	2.75313409620149	2.06082051493072
CRUK0285	0.84873132814134	0.84873132814134	0.84873132814134	0.84873132814134	0.84873132814134	0.84873132814134	0.84873132814134	0.84873132814134
CRUK0272	2.33870911593095	2.32953711936853	2.2757441920729	3.10273167932956	1.50254963211187	2.33870911593095	2.6605111523822	1.97600885851467
CRUK0279	1.60729299565955	1.60729299565955	1.60729299565955	1.60729299565955	1.60729299565955	1.60729299565955	1.60729299565955	1.60729299565955
CRUK0223	1.90516926471988	2.08097957302	1.20894473086573	3.41690014338739	-0.126975839501659	1.90516926471989	2.31753841407917	1.35494541463871
CRUK0293	2.00036762858748	2.31576190170933	1.68497335546563	2.52436616347102	1.47636909370394	2.00036762858748	2.19320778918259	1.80752746799237
CRUK0232	2.5861247028412	2.60931139233615	2.56293801334624	2.82009575345032	2.35215365223208	2.5861247028412	2.60558793647018	2.56666146921222
CRUK0287	1.83114166747776	1.8260221247798	1.83626121017572	2.08054604740315	1.58173728755237	1.83114166747776	1.84552720311984	1.81675613183568
CRUK0271	3.13152959260969	3.40815133445743	2.92733966645417	4.10029286048192	2.23519814042968	3.13152959260969	3.71734554042116	2.58478447577566
CRUK0273	2.92691339246838	3.17102321985918	2.68280356507758	3.61906272766227	2.23476405727449	2.92691339246838	3.15947650620907	2.69435027872769
CRUK0276	2.06056712776622	2.17220292126133	1.9478777447985	2.88227532519563	1.2378053408642	2.06056712776622	2.40404072597909	1.80195399242263
CRUK0242	1.63418457741011	1.60564314357897	1.58823723364598	2.27555978434827	0.918320592876684	1.63418457741011	1.77883507874675	1.52359108119282
CRUK0245	2.45505726514767	2.56589818199776	2.34421634829757	2.70579106766092	2.20432346263442	2.45505726514767	2.55193745037382	2.35817707992151
CRUK0201	1.6715658474815	1.6715658474815	1.6715658474815	1.6715658474815	1.6715658474815	1.6715658474815	1.6715658474815	1.6715658474815
CRUK0206	2.33553122309558	2.45294756804303	2.23016044069156	3.07937047046341	1.60373753827119	2.33553122309558	2.4545650822437	2.16855591876333
CRUK0241	2.22671101509122	2.14003646175759	2.01324157639444	3.10306284676609	1.05021519138593	2.22671101509122	2.38013908356803	2.05718928377508
CRUK0297	1.21468850381538	1.21468850381538	1.21468850381538	1.21468850381538	1.21468850381538	1.21468850381538	1.21468850381538	1.21468850381538
CRUK0284	1.83401026224803	2.26048765213855	1.34582520243234	3.1085871372457	0.497725717325195	1.83401026224803	2.31381545091645	1.43595094466282
CRUK0233	1.18038578863485	1.27789059872799	1.08288097854171	1.44789820376111	0.912873373508597	1.18038578863485	1.268135073301	1.0926365039687
CRUK0280	2.42552319097685	2.75701438472748	1.99541788756385	3.52870926275905	1.22372300953228	2.42552319097685	2.79142065891258	1.88135612952675
CRUK0247	1.32432531614556	1.34999353004566	1.29865710224547	1.62918305195814	1.01946758033298	1.32432531614556	1.34774891512708	1.30090171716405
CRUK0213	1.36725245024192	1.36725245024192	1.36725245024192	1.36725245024192	1.36725245024192	1.36725245024192	1.36725245024192	1.36725245024192
CRUK0286	2.04380983671991	2.17223357856206	1.86189961924602	2.60948473172779	1.42464846608029	2.04380983671991	2.13649678399588	1.87659573192986
CRUK0256	1.09174089437685	1.09174089437685	1.09174089437685	1.09174089437685	1.09174089437685	1.09174089437685	1.09174089437685	1.09174089437685
CRUK0274	1.77201457396443	2.11436848238681	1.56470387754337	3.06148045846824	0.617591901461951	1.77201457396443	2.17960279929227	1.50804321480875
CRUK0244	2.16005819271598	2.16005819271598	2.16005819271598	2.16005819271598	2.16005819271598	2.16005819271598	2.16005819271598	2.16005819271598
CRUK0212	1.72249020905398	1.72249020905398	1.72249020905398	1.72249020905398	1.72249020905398	1.72249020905398	1.72249020905398	1.72249020905398
CRUK0299	2.09276379852462	2.36020391665543	1.82532368039381	3.3535531423324	0.831974454716845	2.09276379852462	2.10678872095035	2.07873887609889
CRUK0240	2.72227355668848	2.80749627019205	2.63705084318492	3.10173643652084	2.34281067685613	2.72227355668848	2.75088481422809	2.69366229914887
CRUK0392	2.50995464439834	2.98476508053381	2.09880808843646	3.49372043614502	1.58985273282525	2.50995464439834	2.93429358357874	2.15059189341396
CRUK0381	2.2353315373318	2.52001471793032	1.92377927589783	3.27621968268499	1.16757431114316	2.2353315373318	2.55917109473619	1.75582971273182
CRUK0372	0.794749907860144	0.794749907860144	0.794749907860144	0.794749907860144	0.794749907860144	0.794749907860144	0.794749907860144	0.794749907860144
CRUK0361	2.2643780330504	2.99190822395926	1.72326830403117	3.96709233481439	0.748084193176042	2.2643780330504	3.1080314031763	1.93376443285924
CRUK0380	2.38226049405097	2.50177977470148	2.29357918732827	3.13072050725391	1.66463845477584	2.38226049405097	2.51214691372373	2.18077651747924
CRUK0329	1.39581569033876	1.60471820042921	1.1869131802483	1.93522768174945	0.856403698928058	1.39581569033876	1.67586120151646	1.11577017916105
CRUK0315	2.28468221180268	2.38781104921576	2.18155337438959	2.56503888073993	2.00432554286543	2.28468221180268	2.31784970695171	2.25151471665365
CRUK0352	2.10925321147113	2.31136810224466	1.90713832069759	2.90756342830633	1.31094299463592	2.10925321147113	2.4542930498625	1.76421337307975
CRUK0310	1.47112335573358	1.5516882669356	1.39055844453156	1.701384254021	1.24086245744616	1.47112335573358	1.55405914620236	1.3881875652648
CRUK0371	2.07967924407091	2.17461406465067	1.98474442349115	2.41492203191242	1.74443645622939	2.07967924407091	2.13983994042098	2.01951854772083
CRUK0331	2.79221044574689	3.19464437961715	2.37577201063851	3.92815379291996	1.6422625973357	2.79221044574689	3.24988457755771	2.5329433170765
CRUK0344	1.93669550272913	1.98466452730493	1.88872647815332	2.32597779080324	1.54741321465501	1.93669550272913	2.02202579991136	1.85136520554689
CRUK0313	0.937345584090439	0.937345584090439	0.937345584090439	0.937345584090439	0.937345584090439	0.937345584090439	0.937345584090439	0.937345584090439
CRUK0369	2.23002772825694	2.3067582629898	1.47628737033777	3.88344384972154	-0.100398216393968	2.23002772825694	2.70306465827655	1.35200014324513
CRUK0312	3.02856181587544	3.11343343096697	2.94369020078391	3.27656398238234	2.78055964936854	3.02856181587544	3.14924588221364	2.90787774953724
CRUK0328	2.20211621605038	2.20211621605038	2.20211621605038	2.20211621605038	2.20211621605038	2.20211621605038	2.20211621605038	2.20211621605038
CRUK0375	0.806221237373074	0.820022577812027	0.792419896934121	1.3997338190646	0.21270865568155	0.806221237373074	0.831273826347235	0.781168648398914
CRUK0388	1.83395128110852	2.10252517701506	1.5028421655367	2.96857892175178	0.636788420799984	1.83395128110852	2.1207944343678	1.35612559862383
CRUK0308	1.85444276484303	1.95348998582546	1.7553955438606	2.39671740387094	1.31216812581512	1.85444276484303	1.99265029287867	1.71623523680739
CRUK0370	1.52615975842247	1.66571156123558	1.38660795560936	1.80293064891108	1.24938886793386	1.52615975842247	1.59864466326544	1.4536748535795
CRUK0386	1.6377416345536	1.6377416345536	1.6377416345536	1.6377416345536	1.6377416345536	1.6377416345536	1.6377416345536	1.6377416345536
CRUK0322	1.40069768505721	1.65767927424899	1.10628667965593	2.46080000252952	0.303165951375395	1.40069768505721	1.64174445733198	1.06698578585701
CRUK0316	2.06963712313513	2.12632912493898	1.9680086200228	2.35445613185888	1.73988161310289	2.06963712313513	2.10084910189084	2.04374691419581
CRUK0301	1.75777583231264	1.75777583231264	1.75777583231264	1.75777583231264	1.75777583231264	1.75777583231264	1.75777583231264	1.75777583231264
CRUK0333	1.75910662909746	1.76872170424697	1.70552170322759	2.4224577649992	1.05178564247536	1.75910662909746	1.79847161367623	1.68834574462785
CRUK0379	1.71142861401468	2.03814688750837	1.20907017669706	2.9588805172499	0.288336546955531	1.71142861401468	2.09265968976516	1.13653381640398
CRUK0377	1.5899550275631	1.5899550275631	1.5899550275631	1.5899550275631	1.5899550275631	1.5899550275631	1.5899550275631	1.5899550275631
CRUK0394	2.76093950468561	3.03920511529107	2.57913947083887	3.36663409470306	2.25171049142687	2.76093950468561	2.86240934376223	2.63317418694256
CRUK0393	1.73975982466731	2.01633754158052	1.36960650831637	2.54217656227286	0.843767487624031	1.73975982466731	1.98730878716236	1.31116267184843
CRUK0368	0.967973645546614	1.00072817167142	0.935219119421808	1.3454870183129	0.590460272780325	0.967973645546614	0.99390427176839	0.942043019324839
CRUK0319	0.936560191070176	0.936560191070176	0.936560191070176	0.936560191070176	0.936560191070176	0.936560191070176	0.936560191070176	0.936560191070176
CRUK0318	2.02767874352554	2.02767874352554	2.02767874352554	2.02767874352554	2.02767874352554	2.02767874352554	2.02767874352554	2.02767874352554
CRUK0396	2.00208229301734	2.24446263399115	1.75970195204353	2.49674522898383	1.50741935705085	2.00208229301734	2.07965966404018	1.92450492199451
CRUK0303	1.30288282465157	1.38540938341209	1.22035626589104	1.64268576021151	0.963079889091625	1.30288282465157	1.31374499971784	1.29202064958529
CRUK0350	1.67587570054196	1.72970119634546	1.62205020473847	1.90469093228052	1.4470604688034	1.67587570054196	1.74684599718107	1.60490540390286
CRUK0334	1.69264469839377	1.69264469839377	1.69264469839377	1.69264469839377	1.69264469839377	1.69264469839377	1.69264469839377	1.69264469839377
CRUK0384	2.80510200391038	2.86101987588499	2.74918413193577	3.12291328693826	2.4872907208825	2.80510200391038	2.82982141832003	2.78038258950074
CRUK0337	1.81736740226395	1.81736740226395	1.81736740226395	1.81736740226395	1.81736740226395	1.81736740226395	1.81736740226395	1.81736740226395
CRUK0373	2.00666422454892	2.00666422454892	2.00666422454892	2.00666422454892	2.00666422454892	2.00666422454892	2.00666422454892	2.00666422454892
CRUK0359	1.56657135770699	1.63273731530497	1.50040540010901	1.97859406373849	1.15454865167549	1.56657135770699	1.61962300891093	1.51351970650305
CRUK0343	1.20785545405801	1.68660084768777	0.789308204098935	2.34887519280995	0.12703385897676	1.20785545405801	1.38773654584878	0.785359491565792
CRUK0321	2.08831560307956	2.18225936292291	1.9943718432362	2.33126390146963	1.84536730468948	2.08831560307956	2.22108334824128	1.95554785791783
CRUK0385	1.83669723596331	2.05774859859736	1.64422758096182	2.8808822043342	0.821093975224981	1.83669723596331	1.9469285745606	1.68746519633648
CRUK0311	1.19609412784437	1.53581860412979	0.924891357617287	2.07278196957703	0.387927992170045	1.19609412784437	1.37202535563801	1.03273801908893
CRUK0460	1.50305288507605	1.65885685639801	1.39202158515437	2.0808193326408	0.970059108911584	1.50305288507605	1.58616827649464	1.35307891055817
CRUK0492	1.74775051287697	1.74775051287697	1.74775051287697	1.74775051287697	1.74775051287697	1.74775051287697	1.74775051287697	1.74775051287697
CRUK0487	2.12307563976704	2.25102732658459	1.76486265138773	3.3486938927	0.66719608527231	2.12307563976704	2.38588621385955	1.76369672855637
CRUK0495	2.21237985147587	2.54742780357471	2.09078290339242	3.30200275505457	1.33620795191256	2.21237985147587	2.55190882194374	1.98183630675937
CRUK0408	1.51147619849083	1.51147619849083	1.51147619849083	1.51147619849083	1.51147619849083	1.51147619849083	1.51147619849083	1.51147619849083
CRUK0497	2.0615743738378	1.87862849689421	2.1358362670018	3.09442138781317	0.920043376082838	2.0615743738378	2.09347581079647	2.00463569790972
CRUK0422	1.3724737710679	1.62730051252209	1.11764702961371	1.8876721220964	0.857275420039409	1.3724737710679	1.62358860830804	1.12135893382777
CRUK0410	1.31925116210079	1.74276561839515	0.96910163304742	2.61089094452531	0.100976306917264	1.31925116210079	1.60007821311841	0.951058496755904
CRUK0412	2.35669702497732	2.63578789164144	2.0435678739538	3.06317876710052	1.61617699849472	2.35669702497732	2.66909892553874	2.05032964005738
CRUK0420	1.85562832295434	2.31531714142123	1.39593950448746	3.41584517426404	0.295411471644648	1.85562832295434	2.31531714142123	1.39593950448746
CRUK0488	2.33482489891789	2.33482489891789	2.33482489891789	2.33482489891789	2.33482489891789	2.33482489891789	2.33482489891789	2.33482489891789
CRUK0401	1.33098401024003	1.39481111363444	1.26715690684562	1.70464240583119	0.957325614648873	1.33098401024003	1.41368244830573	1.24828557217433
CRUK0448	1.74803760537327	1.84940733715496	1.54791099271759	2.40074982227085	0.996568507601694	1.74803760537327	1.88723393342907	1.54696371073759
CRUK0496	2.14541728153712	2.34165952670671	1.7844954223929	2.83444622527425	1.29170872382536	2.14541728153712	2.31940685406002	1.81434587646895
CRUK0452	2.25360769339368	2.39601198441272	2.0954000203378	2.86419032960757	1.62722167514296	2.25360769339368	2.42608684980145	2.09674184315667
CRUK0472	2.00677658846911	2.13409617352973	1.77393317713042	2.46727228198185	1.44075706867831	2.00677658846911	2.16575488077507	1.72893530307425
CRUK0434	2.1749159709988	2.53833444892075	1.74777432629791	2.90634969786644	1.37975907735222	2.1749159709988	2.54453724896236	1.88489167946208
CRUK0431	1.23289685421185	1.34650496152009	1.1192887469036	1.52280873577113	0.942984972652557	1.23289685421185	1.30937114779565	1.15642256062804
CRUK0451	0.930290095791317	1.08009334485133	0.794485179333504	1.40571291054161	0.468865613643222	0.930290095791317	0.994744138013532	0.87938860998456
CRUK0447	2.15864489414227	2.15864489414227	2.15864489414227	2.15864489414227	2.15864489414227	2.15864489414227	2.15864489414227	2.15864489414227
CRUK0404	1.19526585791376	1.34583617707312	1.04469553875439	1.86678087667041	0.523750839157104	1.19526585791376	1.36814224594492	1.02238946988259
CRUK0463	2.31815771546365	2.44445764136663	2.19185778956066	2.62740621044779	2.0089092204795	2.31815771546365	2.45966565490691	2.17664977602038
CRUK0419	2.47986747885649	2.47986747885649	2.47986747885649	2.47986747885649	2.47986747885649	2.47986747885649	2.47986747885649	2.47986747885649
CRUK0484	2.04084419031919	2.08443642737701	1.97568542374396	3.24288507518275	0.817236775938211	2.04084419031919	2.42439332315845	1.64073784084984
CRUK0450	1.49219130274431	1.50564880843743	1.4787337970512	1.9868104172667	0.997572188221919	1.49219130274431	1.53751474435314	1.44686786113549
CRUK0403	2.07826820163203	2.634176292542	1.48061606772459	3.09935031267671	1.01544204758989	2.07826820163203	2.46971814759088	1.49248644615815
CRUK0467	2.06041323614799	2.06041323614799	2.06041323614799	2.06041323614799	2.06041323614799	2.06041323614799	2.06041323614799	2.06041323614799
CRUK0485	1.20549379909556	1.2204530878419	1.15656158625922	1.65445587461333	0.72255879948779	1.20549379909556	1.3514044161749	1.09206329844548
CRUK0416	1.47881923290678	1.82833753140121	1.12085888504526	2.58557909292569	0.363617323520782	1.47881923290678	1.87440376375545	1.21762408999745
CRUK0462	0.983793812233535	1.18304545871196	0.780444231721884	1.78132164811192	0.182168042321929	0.983793812233535	1.16058453195992	0.676079957849514
CRUK0476	2.45441539696163	2.66012978137353	2.20167670733237	3.28979380350359	1.57201268520232	2.45441539696163	2.55470694185384	2.28287669294604
CRUK0418	1.62689357044256	1.62689357044256	1.62689357044256	1.62689357044256	1.62689357044256	1.62689357044256	1.62689357044256	1.62689357044256
CRUK0465	1.89120541979009	1.89120541979009	1.89120541979009	1.89120541979009	1.89120541979009	1.89120541979009	1.89120541979009	1.89120541979009
CRUK0406	2.04133941576106	2.30041513934002	1.98185442409869	2.93204937038809	1.35022019305062	2.04133941576106	2.40441335881606	1.75639970305245
CRUK0423	2.25436873457216	2.5800753458715	2.04511552179655	3.04341363390004	1.58177723376802	2.25436873457216	2.29924716464677	2.20486946943072
CRUK0478	2.23139045226939	2.31900504120617	2.14377586333262	2.50411819884963	1.95866270568915	2.23139045226939	2.25352079837385	2.20926010616494
CRUK0453	2.27371012674161	2.27371012674161	2.27371012674161	2.27371012674161	2.27371012674161	2.27371012674161	2.27371012674161	2.27371012674161
CRUK0444	2.58836281319936	2.68539382868502	2.4913317977137	3.02268513591274	2.15404049048598	2.58836281319936	2.5928595515391	2.58386607485961
CRUK0594	2.49655624851074	2.49655624851074	2.49655624851074	2.49655624851074	2.49655624851074	2.49655624851074	2.49655624851074	2.49655624851074
CRUK0542	1.49273417522233	1.58040734835659	1.40506100208807	2.12515608450433	0.860312265940332	1.49273417522233	1.52078828827241	1.46468006217225
CRUK0573	1.66788540417031	1.96069071897669	1.38863919597629	2.28762905248958	1.0617008624634	1.66788540417031	1.91515808467355	1.49050917594276
CRUK0579	2.12144854733312	2.39020933535838	1.85495830065815	2.64046231553232	1.6047053204842	2.12144854733312	2.43220863169543	1.79899281526497
CRUK0514	1.86427700037996	1.78902324835467	1.93953075240525	2.29614357141242	1.4324104293475	1.86427700037996	2.09763858133165	1.63091541942827
CRUK0584	2.36715805293141	2.52660698483474	2.20770912102808	2.96869804139374	1.76561806446909	2.36715805293141	2.4803851165539	2.25393098930892
CRUK0510	2.29924802410307	2.74968988784606	1.89309326505173	3.1898158234002	1.45296732949759	2.29924802410307	2.58078445023905	1.93376751524939
CRUK0525	1.84316584801798	1.90410631148889	1.78222538454707	2.31400122643881	1.37233046959714	1.84316584801798	1.89753937519571	1.78879232084024
CRUK0598	1.81822612296326	1.81822612296326	1.81822612296326	1.81822612296326	1.81822612296326	1.81822612296326	1.81822612296326	1.81822612296326
CRUK0563	1.8855085475633	2.26064244485947	1.61239829570817	2.6172027171056	1.25583802346204	1.8855085475633	2.34441940856312	1.58105283513512
CRUK0566	2.93932655802879	3.04698996741628	2.8316631486413	3.53738774134777	2.3412653747098	2.93932655802879	2.98477685582233	2.89387626023525
CRUK0541	2.66533379401358	2.73373647708772	2.59693111093944	2.90109927421013	2.42956831381703	2.66533379401358	2.67737248596974	2.65329510205742
CRUK0597	2.2340154380245	2.38366221739337	2.08436865865564	2.98788708414327	1.48014379190573	2.2340154380245	2.33574674380499	2.13228413224402
CRUK0592	1.32889518270158	1.42347915852627	1.23610277299614	1.72356947282977	0.936012458692632	1.32889518270158	1.36326987211145	1.30010911077511
CRUK0535	1.83863971820639	2.68734953879469	0.92071188957415	3.21835635578681	0.389705072582027	1.83863971820639	2.73805939135407	0.895279946313554
CRUK0565	2.34225749151501	2.55499006110807	2.13002649878419	2.97027462817498	1.71474193171729	2.34225749151501	2.56677776878136	2.10294221731115
CRUK0578	1.34042259664067	1.34042259664067	1.34042259664067	1.34042259664067	1.34042259664067	1.34042259664067	1.34042259664067	1.34042259664067
CRUK0590	1.81379067778404	2.26619098184907	1.20278560717913	2.6359356230438	0.833040965984398	1.81379067778404	2.34170291759813	1.19537398599136
CRUK0519	1.94148077845499	2.36634963647369	1.59056705923657	3.3835090581157	0.573407637594561	1.94148077845499	2.47944457554484	1.3133115477086
CRUK0557	2.01799230932152	2.2318615086863	1.81664653018095	3.21054388858781	0.837964150279441	2.01799230932152	2.38008113777177	1.78084700574613
CRUK0533	1.01300147425622	1.23844997104102	0.765784875950246	1.91195263481545	0.092282212175813	1.01300147425622	1.38337016849021	0.658140774662357
CRUK0527	1.83132760059868	2.36634683407914	1.27175109815307	2.6987641101144	0.93933382211781	1.83132760059868	2.46036287591506	1.25943092279406
CRUK0505	1.51364100700654	1.52486942036206	1.50241259365101	2.26484458820662	0.76243742580645	1.51364100700653	1.61893930531881	1.40834270869426
CRUK0581	1.77011808392305	1.77097495399863	1.76926121384746	2.04549047063401	1.49474569721208	1.77011808392305	1.84400025328275	1.69623591456334
CRUK0537	1.11641553735524	1.46434512172629	0.768485952984197	2.4215203340888	-0.188689259378315	1.11641553735524	1.46434512172629	0.768485952984197
CRUK0556	1.09422492200832	1.09422492200832	1.09422492200832	1.09422492200832	1.09422492200832	1.09422492200832	1.09422492200832	1.09422492200832
CRUK0555	1.75575795015734	1.68446817784757	1.82704772246712	2.48473970443092	1.02677619588376	1.75575795015734	1.80821706597821	1.70329883433647
CRUK0586	2.39127245349903	2.65844566488362	2.12409924211443	3.22559708207456	1.55694782492349	2.39127245349903	2.61565545207583	2.16688945492222
CRUK0530	1.03937883787526	1.26047826857125	0.818279407179279	1.87168928379795	0.20706839195258	1.03937883787526	1.26047826857125	0.818279407179279
CRUK0582	2.35480503388615	2.35480503388615	2.35480503388615	2.35480503388615	2.35480503388615	2.35480503388615	2.35480503388615	2.35480503388615
CRUK0549	1.62702733830624	2.23015358436822	1.09242195384692	2.74659319053215	0.575982347682994	1.62702733830624	2.24871538006657	1.2726813104722
CRUK0503	2.09064124451162	2.09064124451162	2.09064124451162	2.09064124451162	2.09064124451162	2.09064124451162	2.09064124451162	2.09064124451162
CRUK0550	2.32113157886372	2.33742572693212	2.30483743079533	2.47758751996795	2.16467563775949	2.32113157886372	2.35683462567989	2.28542853204755
CRUK0528	1.92849993796214	2.32056790557372	1.5728420608838	2.56457991418233	1.32883005227519	1.92849993796214	2.26343658971028	1.66708945963098
CRUK0559	1.53398197234096	1.55254166585509	1.51542227882683	1.76562581313543	1.30233813154649	1.53398197234096	1.53582104355938	1.53214290112254
CRUK0516	1.68933834090942	1.97986062428756	1.52100817714599	2.81937054753755	0.681498253896004	1.68933834090942	1.8455942920482	1.42216418744106
CRUK0540	1.93251125414549	1.93251125414549	1.93251125414549	1.93251125414549	1.93251125414549	1.93251125414549	1.93251125414549	1.93251125414549
CRUK0570	1.12982266103943	1.24417893790305	1.01546638417582	1.57831127360145	0.681334048477414	1.12982266103943	1.14693981532381	1.11270550675505
CRUK0596	2.16262341697031	2.29476713221451	1.81621728435213	3.45821812525597	0.652766291310675	2.16262341697031	2.55568094617881	1.82259150483958
CRUK0513	1.96511335965437	1.95201106048669	1.9566789962007	2.45253514857526	1.45615490811213	1.96511335965437	2.10425929223547	1.85856858184071
CRUK0504	1.90453784443263	1.94108206627814	1.86799362258712	2.17224601556726	1.63682967329799	1.90453784443263	1.91822392619356	1.8908517626717
CRUK0569	1.09230649787926	1.09230649787926	1.09230649787926	1.09230649787926	1.09230649787926	1.09230649787926	1.09230649787926	1.09230649787926
CRUK0548	1.9463070584854	2.03707135979383	1.85554275717697	2.22765022671435	1.66496389025645	1.9463070584854	1.96291753442758	1.92969658254322
CRUK0521	0.405082009739419	0.405082009739419	0.405082009739419	0.405082009739419	0.405082009739419	0.405082009739419	0.405082009739419	0.405082009739419
CRUK0512	1.63460094188561	1.70362966949639	1.56557221427483	1.97852392274126	1.29067796102997	1.63460094188561	1.7465761163053	1.52262576746593
CRUK0589	2.1513294254851	2.27346645994106	2.02919239102915	2.63147689291352	1.67118195805669	2.1513294254851	2.34479833886367	1.95786051210653
CRUK0543	0.79840288945112	1.07407170288028	0.630076189223	1.63235046865944	0.071797423443838	0.79840288945112	0.976132364799334	0.625357551362315
CRUK0520	1.31027746059324	1.37668120856575	1.24387371262073	1.65784039406644	0.962714527120036	1.31027746059324	1.42078773598174	1.19976718520474
CRUK0553	1.91394862206338	1.97195267417815	1.8559445699486	2.16335983126355	1.6645374128632	1.91394862206338	1.98309158043771	1.84480566368904
CRUK0518	1.31861422496586	1.60603908956828	1.03118936036344	1.80623033721051	0.830998112721212	1.31861422496586	1.4480770188421	1.18915143108962
CRUK0524	2.0945595709996	1.91946019755837	2.26965894444083	2.5259047665327	1.6632143754665	2.0945595709996	2.23155909887876	1.95756004312044
CRUK0567	1.56801004933528	1.70767327507928	1.29132824572033	2.31938101634104	0.679620504458572	1.56801004933528	1.69905586149558	1.44334419633459
CRUK0511	1.37099149924326	1.37099149924326	1.37099149924326	1.37099149924326	1.37099149924326	1.37099149924326	1.37099149924326	1.37099149924326
CRUK0552	2.02654699277156	2.1789189876197	1.89824803993383	2.55587589587448	1.52129113167904	2.02654699277156	2.14477472675939	1.9413160515703
CRUK0684	1.59263039425357	1.68507482922749	1.50018595927965	1.86276427205993	1.32249651644721	1.59263039425357	1.63480625455485	1.55045453395229
CRUK0610	1.24384744467702	1.44930287171492	1.05855435113601	1.92481096998182	0.583046252869103	1.24384744467702	1.38220932415302	1.11713596341995
CRUK0692	1.3873585059761	1.45830235730875	1.31641465464345	1.64710624950872	1.12761076244348	1.3873585059761	1.38894667271347	1.38577033923873
CRUK0681	2.3851322414239	2.481350549313	2.24094036146092	2.9568480335396	1.76544287723433	2.38513224142391	2.61359198603582	2.25524507671074
CRUK0620	1.93770840431955	2.63184566298742	1.49553882500556	3.67490468163874	0.452479806354237	1.93770840431955	2.38673288007528	1.46428677977343
CRUK0667	1.94960715736335	2.11245502516319	1.79154605033235	2.49248685395757	1.41151422153797	1.94960715736335	2.133041383091	1.75252291971304
CRUK0686	1.37313285177381	1.51214899569029	1.23411670785734	1.68334908463313	1.0629166189145	1.37313285177381	1.57829010332453	1.1679756002231
CRUK0666	1.71818407248415	1.7474822459199	1.65621722117281	2.16925655053787	1.23444291655484	1.71818407248415	1.78418960517927	1.61592234083234
CRUK0625	2.79275764789023	2.866901208364	2.71861408741645	3.00328095762727	2.58223433815319	2.79275764789023	2.94832677921307	2.63718851656739
CRUK0696	1.17517943858172	1.3060205238835	1.07358198286403	1.77967751542924	0.599924991318289	1.17517943858172	1.20533478137349	1.1445754052297
CRUK0691	1.12087599111423	1.12087599111423	1.12087599111423	1.12087599111423	1.12087599111423	1.12087599111423	1.12087599111423	1.12087599111423
CRUK0638	1.46545471727236	1.46545471727236	1.46545471727236	1.46545471727236	1.46545471727236	1.46545471727236	1.46545471727236	1.46545471727236
CRUK0674	1.97295845516384	2.28329029078282	1.27879271134844	2.98830830724479	0.573774694886463	1.97295845516384	2.28642315223167	1.25585444985736
CRUK0693	1.13984846862629	1.41293641912488	1.03109184945986	2.09728178106815	0.34674648751659	1.13984846862629	1.34750739336088	0.959215221242919
CRUK0628	0.810213441441053	0.810213441441053	0.810213441441053	0.810213441441053	0.810213441441053	0.810213441441053	0.810213441441053	0.810213441441053
CRUK0682	2.35274062692259	2.49728062819422	2.27076894079244	2.74401552639958	2.02403404258708	2.35274062692259	2.44521394466191	2.26800006103303
CRUK0609	1.88433302978877	2.07942791776174	1.68923814181581	2.29556953176412	1.47309652781342	1.88433302978877	2.04132397824064	1.7273420813369
CRUK0606	2.59797303695192	2.89430439801114	2.26674549521585	3.42231942502693	1.73873046820006	2.59797303695192	2.86178729090599	2.40844522806712
CRUK0678	1.29170537590472	1.30462321203415	1.27878753977529	1.55124299781899	1.03216775399045	1.29170537590472	1.3075257854934	1.27588496631604
CRUK0640	2.35842122456952	2.54717502783926	1.87345647480567	3.27444571443591	1.14618578820903	2.35842122456952	2.63217408023767	1.84250690576671
CRUK0644	1.65854651575706	1.8880170981734	1.33717712697113	2.41464954009459	0.810544685049934	1.65854651575706	1.84506634038966	1.45595573119688
CRUK0650	1.3386664225624	1.50756841276163	1.16976443236318	1.7919562328941	0.885376612230705	1.3386664225624	1.61775860986868	1.05957423525613
CRUK0607	1.33974293116815	1.44550001110715	1.24581307747095	1.7616234128663	0.929689675711796	1.33974293116815	1.42411952919046	1.24452865426209
CRUK0680	2.16937157291001	2.31508909012601	2.08151538778862	2.84997531721434	1.5466291607003	2.16937157291001	2.30596389903266	2.08218575136902
CRUK0617	2.15315475291009	2.24520065939099	2.03384983149378	2.55206481039561	1.72698568048916	2.15315475291009	2.19739293707014	2.1167362830273
CRUK0616	2.4665316096229	2.64880540358176	2.28425781566405	3.10935694804419	1.82370627120162	2.4665316096229	2.46920768517534	2.46385553407046
CRUK0649	2.30482565949581	2.36566289669657	2.24398842229506	2.66336525952185	1.94628605946978	2.30482565949581	2.49301114368149	2.11664017531014
CRUK0634	0.692985899479032	0.692985899479032	0.692985899479032	0.692985899479032	0.692985899479032	0.692985899479032	0.692985899479032	0.692985899479032
CRUK0679	2.41583896999771	2.35403635349056	2.47764158650486	2.70431903081255	2.12735890918287	2.41583896999771	2.52039870770411	2.3112792322913
CRUK0698	2.03367474540312	2.31786297590996	1.77582955371477	2.81191370110435	1.28177882852039	2.03367474540312	2.30522976439788	1.73392014053035
CRUK0709	1.49592275320398	1.48803359937774	1.50381190703021	1.7601009185635	1.23174458784445	1.49592275320397	1.52886466362322	1.46298084278473
CRUK0768	2.51590731006218	2.71632147408018	2.31549314604419	2.87622110543539	2.15559351468897	2.51590731006218	2.57770715917184	2.45410746095253
CRUK0784	2.36486871720107	2.62464106162414	2.04374031579318	3.50303470171005	1.16534667570727	2.36486871720107	2.71335114171941	2.00556935167022
CRUK0742	1.49021558216131	1.60823187031393	1.37219929400868	1.72789351065311	1.25253765366951	1.49021558216131	1.58906073164829	1.39137043267433
CRUK0781	1.87394966524532	2.21199990107324	1.5358994294174	2.43524104763253	1.31265828285811	1.87394966524532	2.23854958170347	1.50934974878718
CRUK0731	1.54098984252152	1.5987881992128	1.48319148583023	1.9668551491417	1.11512453590134	1.54098984252152	1.58232989284923	1.49964979219381
CRUK0710	1.29656134819172	1.35157612429331	1.24154657209014	1.6561128811437	0.937009815239751	1.29656134819172	1.30385746650653	1.28926522987692
CRUK0721	1.47953440376819	1.69933466470276	1.25973414283362	2.1838953802092	0.775173427327171	1.47953440376819	1.82267761712793	1.13639119040845
CRUK0775	1.6109892550036	1.79063316653452	1.43134534347268	1.9388203687806	1.28315814122661	1.6109892550036	1.80425549145728	1.41772301854992
CRUK0799	1.04278173891016	1.23112243362092	0.854441044199393	1.89807104683679	0.18749243098352	1.04278173891016	1.23866451457737	0.846898963242936
CRUK0730	2.15922861322915	2.15922861322915	2.15922861322915	2.15922861322915	2.15922861322915	2.15922861322915	2.15922861322915	2.15922861322915
CRUK0706	2.61598015140069	3.0923516111145	2.32992427419055	3.61341832405356	1.80885756125149	2.61598015140069	2.97823281210542	2.26007729458575
CRUK0787	1.80657196043496	2.04596098698647	1.56718293388346	2.28882352043306	1.32432040043687	1.80657196043496	1.87218525753313	1.7409586633368
CRUK0748	2.53790582916386	3.01667668294534	2.08046060789793	3.93872576602942	1.15841152481386	2.53790582916386	2.68826075271088	2.38647311224209
CRUK0707	2.16180817911927	2.13779022786913	2.18582613036941	2.58571391213251	1.73790244610604	2.16180817911927	2.18681595749351	2.13680040074504
CRUK0749	2.21179222258529	2.26893097329071	2.16819011216761	2.63065525109163	1.80646583436669	2.21179222258529	2.30824749114087	2.13738510738613
CRUK0735	1.56003812076127	1.56003812076127	1.56003812076127	1.56003812076127	1.56003812076127	1.56003812076127	1.56003812076127	1.56003812076127
CRUK0761	1.84052490839807	1.9802262807279	1.70082353606823	2.47168697288824	1.20936284390789	1.84052490839807	1.93302903969671	1.74802077709942
CRUK0717	1.70391334405479	1.79912166401966	1.38333808370974	2.47334552048655	0.709114227242849	1.70391334405479	1.93738594699468	1.42413824885989
CRUK0736	2.40389332028957	2.40389332028957	2.40389332028957	2.40389332028957	2.40389332028957	2.40389332028957	2.40389332028957	2.40389332028957
CRUK0737	1.96545233634103	2.3803705821351	1.55053409054695	2.89286582457778	1.03803884810428	1.96545233634103	2.56126617836941	1.36963849431264
CRUK0702	2.83212144087926	3.17022428751982	2.53920484375808	3.58073712018595	2.12869201109194	2.83212144087927	3.26484610199992	2.52268454291651
CRUK0766	1.63100217156564	1.68509391863982	1.57691042449145	2.08038648050409	1.18161786262719	1.63100217156564	1.85220092644273	1.40980341668855
CRUK0734	1.77138938823819	1.96005856768217	1.58272020879421	2.37898879021212	1.16378998626427	1.77138938823819	1.97733870615822	1.56544007031817
CRUK0772	2.16037940255625	2.16037940255625	2.16037940255625	2.16037940255625	2.16037940255625	2.16037940255625	2.16037940255625	2.16037940255625
CRUK0769	1.92226886170433	2.04214651719993	1.80239120620872	2.3452945743201	1.49924314908856	1.92226886170433	2.0467652973639	1.79777242604475
CRUK0756	0.770771861738074	0.9054009963452	0.636142727130949	1.07087329726118	0.470670426214966	0.770771861738075	0.775482697944769	0.76606102553138
CRUK0794	1.15948358646501	1.69658631453204	0.622380858397982	2.29748838788426	0.0214787850457587	1.15948358646501	1.82410911123217	0.494858061697851
CRUK0755	1.28656971076894	1.28656971076894	1.28656971076894	1.28656971076894	1.28656971076894	1.28656971076894	1.28656971076894	1.28656971076894
CRUK0729	2.355218447884	2.40617474335295	2.31673984435593	2.94947305567703	1.77344153203185	2.355218447884	2.41001148814821	2.28666235459362
CRUK0714	2.20668681399873	2.41074909726268	1.89860859127585	2.84687010915803	1.4624875793805	2.20668681399873	2.42971256537992	1.81389387574513
CRUK0738	1.11395260193064	1.21492238946898	1.03741144499768	1.43276088374008	0.819572950726575	1.11395260193064	1.14366711047499	1.05514635504126
CRUK0733	1.41509731213197	1.48044261948202	1.34975200478193	1.61284718988776	1.21734743437619	1.41509731213197	1.53383332388107	1.29636130038288
CRUK0722	1.28822005296415	1.28822005296415	1.28822005296415	1.28822005296415	1.28822005296415	1.28822005296415	1.28822005296415	1.28822005296415
CRUK0771	1.87161281838384	2.15400373239833	1.65069517053542	2.64191075289946	1.16278815003429	1.87161281838384	1.98835717625032	1.64746234556601
CRUK0719	1.3647715131488	1.3647715131488	1.3647715131488	1.3647715131488	1.3647715131488	1.3647715131488	1.3647715131488	1.3647715131488
CRUK0718	3.1599139846547	3.2094479628793	3.11038000643009	3.50421667945585	2.81561128985355	3.1599139846547	3.20410345124983	3.11572451805957
CRUK0764	1.03032324590039	1.11895278482599	0.941693706974789	1.38414217158008	0.676504320220698	1.03032324590039	1.11624875396351	0.944397737837268
CRUK0704	1.43078772134491	2.12120059920515	0.596797465989259	2.94273475856736	-0.224736693372951	1.43078772134491	2.04700435804288	0.746093653606733
CRUK0745	1.74052834554358	2.04836686581734	1.43268982526982	2.35760411702491	1.12345257406225	1.74052834554358	1.9978755079122	1.48318118317496
CRUK0861	2.41102177026558	2.50263927943311	2.31940426109805	2.6280123289007	2.19403121163047	2.41102177026558	2.50133939545584	2.32070414507532
CRUK0893	2.06195404944117	2.06195404944117	2.06195404944117	2.06195404944117	2.06195404944117	2.06195404944117	2.06195404944117	2.06195404944117
CRUK0872	2.14234064061892	2.27935521793376	2.00532606330409	2.44337640474013	1.84130487649772	2.14234064061892	2.31278423211213	1.97189704912572
CRUK0817	2.62660590518411	2.72577503227855	2.42170072672941	3.17239045604611	1.97508530296185	2.62660590518411	2.78974157942004	2.53854468768361
CRUK0810	1.10766176217371	1.48177900487148	0.859015329927533	3.0718559326115	-0.731061597812485	1.10766176217371	1.40765925029593	0.753680077968276
