m1.s.avg	m1.s.max	m1.s.min	m1.s.adj	m1.s.rev	m2.s.avg	m2.s.max	m2.s.min
CRUK0034	0.357738798222362	0.357446062918241	0.358031533526484	0.735725711899299	-0.0202481154545748	0.357738798222362	0.504085077964113	0.211392518480611
CRUK0045	0.244193764480062	0.321039158270697	0.167348370689427	0.685197359839242	-0.196809830879118	0.244193764480062	0.339844233047645	0.148543295912479
CRUK0005	0.519168839392586	0.56266821906148	0.544102911370742	0.891654421545563	0.21511670888666	0.519168839392586	0.719977757817887	0.406199678694908
CRUK0028	0.774859066145084	0.862684226787366	0.687033905502802	0.957784371135608	0.591933761154561	0.774859066145084	0.860755383869577	0.688962748420592
CRUK0117	0.202448895183372	0.117870372226703	0.287027418140042	0.412122693196798	-0.00722490283005321	0.202448895183372	0.268512564978423	0.136385225388322
CRUK0024	0.574106402279697	0.624224602129184	0.457750550437363	1.03553862128303	0.046436531283519	0.574106402279697	0.779493766371806	0.409527089195112
CRUK0128	0.454768319760184	0.454768319760184	0.454768319760184	0.454768319760184	0.454768319760184	0.454768319760184	0.454768319760184	0.454768319760184
CRUK0051	0.868542173457987	0.946014266712867	0.687994036773248	1.2798962476564	0.354112055829716	0.868542173457987	0.983923132857797	0.686505374967934
CRUK0042	0.959761717847559	0.972118974522481	0.947404461172637	1.19361466630973	0.725908769385384	0.959761717847559	1.10434669785695	0.815176737838166
CRUK0004	0.762198652531017	0.746074280628561	0.625975316529904	1.39126303351733	-0.0192134363588675	0.762198652531017	0.923449422704941	0.523219508120062
CRUK0057	0.844463783425726	0.966361767396629	0.722565799454823	1.12964502884242	0.559282538009033	0.844463783425726	0.969001016587774	0.719926550263678
CRUK0003	0.482554617643325	0.445735848865965	0.369351966501506	0.865138555912928	-0.0500507405454569	0.482554617643325	0.624877604966317	0.307927773738393
CRUK0026	0.498094528468486	0.464989261488773	0.5311997954482	0.637296211269339	0.358892845667634	0.498094528468486	0.566622972277909	0.429566084659064
CRUK0039	0.931298361926548	1.08386437400439	0.778732349848705	1.21746206485655	0.645134658996548	0.931298361926548	1.0566521501076	0.805944573745496
CRUK0016	0.748794806741401	0.672539779846181	0.825049833636621	0.884946652670754	0.612642960812048	0.748794806741401	0.766403755734036	0.731185857748767
CRUK0018	0.934547880341958	1.13515432559788	0.774602841065182	1.71493742223902	0.194819744424043	0.934547880341958	1.16964158393124	0.534581855199277
CRUK0053	0.812533554496693	0.789200954439472	0.835866154553913	1.15755645797652	0.467510651016869	0.812533554496692	0.848785334791152	0.776281774202233
CRUK0017	1.17854871685603	1.16042801028954	1.15630772346198	1.56229067301846	0.75444506073306	1.17854871685603	1.23014132860886	1.13663358294478
CRUK0021	1.37632357199696	1.4266349143799	1.32601222961402	1.60474473263406	1.14790241135986	1.37632357199696	1.44008655699901	1.31256058699491
CRUK0060	1.18002332930699	1.2034527166231	1.15659394199087	1.46877952679535	0.891267131818624	1.18002332930699	1.27204068764545	1.08800597096853
CRUK0032	0.254307709324257	0.285258819607397	0.130188750388031	0.616160566768782	-0.200712996773354	0.254307709324257	0.322158506683525	0.132360415379772
CRUK0055	0.774140338141641	0.891048405234809	0.558757788643129	1.71951158863808	-0.269705394760138	0.774140338141641	0.983234788459945	0.558757788643129
CRUK0020	1.20695774676334	1.16425314962044	1.24966234390623	1.47093490930774	0.942980584218933	1.20695774676334	1.22651958636553	1.18739590716114
CRUK0027	0.753858686841202	0.787469253433417	0.720248120248987	1.05880019779233	0.448917175890075	0.753858686841202	0.791258456687165	0.716458916995238
CRUK0124	0.48601055018121	0.51644538328374	0.455575717078681	0.665331607632797	0.306689492729624	0.48601055018121	0.51644538328374	0.455575717078681
CRUK0008	0.585134638168011	0.68791950892485	0.482349767411172	0.863960541454065	0.306308734881957	0.585134638168011	0.693964012149532	0.47630526418649
CRUK0199	0.855912898653413	0.855912898653413	0.855912898653413	0.855912898653413	0.855912898653413	0.855912898653413	0.855912898653413	0.855912898653413
CRUK0182	0.575690925235481	0.594027437696189	0.557354412774772	0.761750006731833	0.389631843739127	0.57569092523548	0.604678625242486	0.546703225228475
CRUK0029	1.58583169056915	1.52618603662089	1.68634567022518	2.24828051917476	0.964251187671308	1.58583169056915	1.72180585720078	1.44000965318136
CRUK0061	1.08083620094957	1.08083620094957	1.08083620094957	1.08083620094957	1.08083620094957	1.08083620094957	1.08083620094957	1.08083620094957
CRUK0023	0.849277193884094	0.766274046909763	0.932280340858425	1.16453720989628	0.534017177871904	0.849277193884094	0.966769113245501	0.731785274522687
CRUK0035	1.23074380690115	1.25261270669085	1.18406182185055	1.38318084291566	1.05349368562574	1.23074380690115	1.30364504703716	1.18355244145236
CRUK0044	0.831974359060418	0.812323749616637	0.851624968504199	1.11993631667394	0.544012401446894	0.831974359060418	0.960701289060724	0.703247429060112
CRUK0050	0.831030252101073	0.927159196270149	0.709776565724709	1.24601958877458	0.390916173220279	0.831030252101073	0.934479351498552	0.606290046108431
CRUK0030	0.882838816198841	1.13858279759199	0.658127974366039	1.49846944188785	0.298241330070176	0.882838816198841	1.17402767585529	0.659393380845005
CRUK0157	0.894035438679892	1.03802239699199	0.750372579623732	1.38060079154886	0.407794185066862	0.894035438679892	1.12272493611691	0.745034839754761
CRUK0052	1.57271660497514	1.5449955449161	1.53065754481015	1.9822981154849	1.09335497424135	1.57271660497514	1.82108402446518	1.38788704002716
CRUK0010	1.08443886775175	1.08443886775175	1.08443886775175	1.08443886775175	1.08443886775175	1.08443886775175	1.08443886775175	1.08443886775175
CRUK0046	0.946070147036385	0.951447512667592	0.885124800309028	1.25042841878593	0.586143894190691	0.946070147036385	1.06459873838421	0.801375531834172
CRUK0142	1.1252336427236	1.07902637975263	1.17144090569457	1.38052524997885	0.869942035468342	1.1252336427236	1.17490409759241	1.07556318785478
CRUK0115	1.14491107328259	1.18522288170896	1.10459926485623	1.24542288335191	1.04439926321327	1.14491107328259	1.22855381282849	1.0612683337367
CRUK0041	0.89907202477283	1.1051194613403	0.789754150772724	1.55839831810805	0.336475294004972	0.89907202477283	1.11304880196472	0.789754150772724
CRUK0036	1.38681093053374	1.42316384440127	1.33791633991112	1.8030879430518	0.957992241260589	1.38681093053374	1.46762608175958	1.31087509822985
CRUK0012	0.868284680422624	0.868284680422624	0.868284680422624	0.868284680422624	0.868284680422624	0.868284680422624	0.868284680422624	0.868284680422624
CRUK0001	0.774697178296897	0.998256949623673	0.55113740697012	1.15626445889184	0.393129897701952	0.774697178296896	1.12011678612669	0.429277570467103
CRUK0047	0.800132804656432	0.877665687380451	0.722599921932413	0.939418905208527	0.660846704104337	0.800132804656432	0.881806653895442	0.718458955417422
CRUK0033	0.969960308223557	1.01804323723491	0.921877379212199	1.07157650861242	0.868344107834692	0.969960308223557	0.975859212608464	0.964061403838649
CRUK0009	1.19780526609931	1.30537050717351	1.0902400250251	1.6366023264968	0.759008205701809	1.19780526609931	1.26776615178271	1.1278443804159
CRUK0178	2.52318462140798	2.56437202827056	2.54913428602599	2.88700604370909	2.22650027058746	2.52318462140798	2.60049812271867	2.42028701049413
CRUK0049	0.566773338218806	0.566773338218806	0.566773338218806	0.566773338218806	0.566773338218806	0.566773338218806	0.566773338218806	0.566773338218806
CRUK0025	0.946579357431341	1.00550539506397	0.887653319798711	1.11773184474867	0.775426870114008	0.946579357431341	1.00405570310293	0.889103011759755
CRUK0006	0.871452547534315	0.863954811865808	0.878950283202823	1.02731864188824	0.715586453180393	0.871452547534315	0.875445589601986	0.867459505466644
CRUK0259	0.971407102885025	0.913713106863263	1.02910109890679	1.49874907369646	0.444065132073588	0.971407102885025	1.25595073376954	0.686863472000513
CRUK0270	0.580279324792807	0.820408980868022	0.422309756636272	1.20322237461643	0.0394963628878675	0.580279324792807	0.802441779747569	0.473607258254226
CRUK0048	0.612657678251203	0.659360360371148	0.565954996131258	0.741669360241785	0.483645996260621	0.612657678251203	0.652841753536229	0.572473602966177
CRUK0296	1.30108265038071	1.31182208937431	1.29034321138711	1.36795388423033	1.23421141653109	1.30108265038071	1.31344659599856	1.28871870476285
CRUK0253	0.345381404545672	0.521317112103611	0.206492543585796	0.919148817264571	-0.191339161575164	0.345381404545673	0.629356467405815	0.200508889305896
CRUK0019	0.830074320147799	0.830074320147799	0.830074320147799	0.830074320147799	0.830074320147799	0.830074320147799	0.830074320147799	0.830074320147799
CRUK0285	0.671647843036156	0.671647843036156	0.671647843036156	0.671647843036156	0.671647843036156	0.671647843036156	0.671647843036156	0.671647843036156
CRUK0272	1.35986033255367	1.70289803025308	1.02489114479299	2.07361729518617	0.654171879859902	1.35986033255367	1.72840063739927	1.04844711173283
CRUK0011	0.381393487311264	0.52580265759372	0.24509915102117	0.844943047288018	-0.0740412386731273	0.381393487311264	0.542870115043134	0.235878793780729
CRUK0037	0.863323119537736	1.24153044559903	0.620113612591568	1.7369076723046	0.124736385885995	0.863323119537736	1.19470112381163	0.620073473099437
CRUK0014	0.831044281886613	0.831044281886613	0.831044281886613	0.831044281886613	0.831044281886613	0.831044281886613	0.831044281886613	0.831044281886613
CRUK0279	0.408747273383923	0.408747273383923	0.408747273383923	0.408747273383923	0.408747273383923	0.408747273383923	0.408747273383923	0.408747273383923
CRUK0223	1.53758770438677	1.81362595407597	1.06790334289639	2.8408431611401	0.0406861358322539	1.53758770438677	2.25531681052537	0.841907002945102
CRUK0287	0.728884603536044	0.744988664795168	0.71278054227692	0.813248583318474	0.644520623753614	0.728884603536044	0.76939447061234	0.688374736459748
CRUK0276	1.12123578311377	1.23283349278998	1.00201976045769	1.52919149656637	0.705661756681301	1.12123578311377	1.40076783415766	0.848237279955567
CRUK0242	0.487247104455806	0.486196526933651	0.428626669985245	0.863394246627162	0.0514289502917337	0.487247104455806	0.628084386701224	0.332419645040278
CRUK0022	0.414392804291242	0.549620909903447	0.279164698679037	0.647581350461153	0.181204258121332	0.414392804291242	0.549940004853327	0.278845603729158
CRUK0206	0.783421562863389	1.11652557058176	0.531620747903993	1.36857416299191	0.279572155493844	0.783421562863389	1.13661832234801	0.415318340425335
CRUK0297	0.0772530497435311	0.0772530497435311	0.0772530497435311	0.0772530497435311	0.0772530497435311	0.0772530497435311	0.0772530497435311	0.0772530497435311
CRUK0284	0.927992871750916	1.16562519191291	0.65480703008806	1.58871802383601	0.231714198164966	0.927992871750916	1.23580160796583	0.722318947851557
CRUK0233	1.04883293976126	1.09835548334272	0.999310396179802	1.28559845258882	0.812067426933699	1.04883293976126	1.22831966621614	0.869346213306375
CRUK0280	1.17052974587559	1.17683888484599	1.10637716883748	1.44812022002091	0.835095833662558	1.17052974587559	1.2189962526694	1.09885492155206
CRUK0247	0.409124059672046	0.381568362644218	0.436679756699875	0.552649310855951	0.265598808488141	0.409124059672046	0.425634357025241	0.392613762318851
CRUK0274	0.491931010603013	0.594594838752392	0.351929712452636	1.07230964424945	-0.12578509304442	0.491931010603013	0.687231715629369	0.21957512691641
CRUK0212	0.563891907926933	0.563891907926933	0.563891907926933	0.563891907926933	0.563891907926933	0.563891907926933	0.563891907926933	0.563891907926933
CRUK0299	1.08935931626009	1.12574391537201	1.05297471714817	1.69092252412745	0.487796108392734	1.08935931626009	1.45600499437633	0.722713638143852
CRUK0372	0.269405675019019	0.269405675019019	0.269405675019019	0.269405675019019	0.269405675019019	0.269405675019019	0.269405675019019	0.269405675019019
CRUK0361	1.07449495007841	1.43302537457379	0.731632857320506	2.11439827047734	0.0502599614169566	1.07449495007841	1.52222356939722	0.661169970331888
CRUK0380	0.606591794002146	0.528920642943162	0.673395381666676	1.03158396762554	0.170732056984303	0.606591794002145	0.686268551612301	0.363666093346867
CRUK0352	1.09738389488901	1.44823084888904	0.746536940888966	1.97134678705847	0.22342100271954	1.09738389488901	1.45394993339751	0.740817856380503
CRUK0371	0.994562355941344	1.07761443433635	0.911510277546339	1.14365237815327	0.845472333729417	0.994562355941345	1.09488691078967	0.894237801093023
CRUK0344	1.41024268532263	1.59253530167863	1.22795006896663	1.87705866906528	0.943426701579981	1.41024268532263	1.59253530167863	1.22795006896663
CRUK0313	0.127806012591883	0.127806012591883	0.127806012591883	0.127806012591883	0.127806012591883	0.127806012591883	0.127806012591883	0.127806012591883
CRUK0369	1.03647045754451	0.928947124030397	0.734456241819402	1.96667121707975	-0.303267851229951	1.03647045754451	1.52562544768389	0.623263876496185
CRUK0375	0.516596785725805	0.61469836957396	0.41849520187765	0.943099337558597	0.0900942338930126	0.516596785725805	0.614126418935405	0.419067152516205
CRUK0388	0.408596824637018	0.747734936663907	0.233221785590382	1.07640202097656	-0.0954452987222668	0.408596824637019	0.762055906601279	0.184820544832151
CRUK0370	0.651193469573817	0.600337610378076	0.702049328769559	0.753471582574535	0.5489153565731	0.651193469573817	0.698069075737685	0.60431786340995
CRUK0386	0.699550830353667	0.699550830353667	0.699550830353667	0.699550830353667	0.699550830353667	0.699550830353667	0.699550830353667	0.699550830353667
CRUK0322	0.808444283611923	1.13422812312201	0.402779069357821	1.79449401446639	-0.257486821986557	0.808444283611923	1.13422812312201	0.370655436531391
CRUK0316	1.09855925336604	1.18132081604297	1.01749256685469	1.31227296652272	0.886540416374947	1.09855925336604	1.20727597977939	1.03949176646884
CRUK0301	0.565476855441749	0.565476855441749	0.565476855441749	0.565476855441749	0.565476855441749	0.565476855441749	0.565476855441749	0.565476855441749
CRUK0333	0.467726459996204	0.45995024114929	0.481963339504717	0.845868135792888	0.0960454448611202	0.467726459996204	0.624837759567411	0.277057911717323
CRUK0379	0.947921242141101	1.12989521759076	0.698763142022289	1.87803857736203	-0.0493802177489748	0.947921242141101	1.13784123130673	0.699215558912251
CRUK0377	0.51281994230922	0.51281994230922	0.51281994230922	0.51281994230922	0.51281994230922	0.51281994230922	0.51281994230922	0.51281994230922
CRUK0394	2.07301781298943	2.02330142665427	2.06301925758205	2.29961545844524	1.78670522579108	2.07301781298943	2.22413406432554	1.85892734502612
CRUK0368	1.17321832527047	1.13135647307936	1.21508017746158	1.3816531846341	0.964783465906844	1.17321832527047	1.20243022691743	1.14400642362352
CRUK0319	0.0727465409841408	0.0727465409841408	0.0727465409841408	0.0727465409841408	0.0727465409841408	0.0727465409841408	0.0727465409841408	0.0727465409841408
CRUK0350	0.968788408744499	0.985618551925989	0.951958265563009	1.1146037345187	0.822973082970298	0.968788408744499	0.997837325866549	0.939739491622449
CRUK0337	0.996853504250278	0.996853504250278	0.996853504250278	0.996853504250278	0.996853504250278	0.996853504250278	0.996853504250278	0.996853504250278
CRUK0359	0.908674350627606	0.947171667354117	0.870177033901095	1.25812317262311	0.5592255286321	0.908674350627606	1.00354229989378	0.813806401361431
CRUK0343	1.42534018499496	1.63727636824815	1.13688479340417	2.05408388572904	0.720077275923272	1.42534018499496	1.66025148226339	1.13688479340417
CRUK0385	1.7754120335993	1.86666018529099	1.74191684170425	2.31523259594635	1.2933444310489	1.7754120335993	2.08992240742414	1.5155071528574
CRUK0460	0.371122360197855	0.292713461894992	0.457056167265741	0.601938672675492	0.147830956485241	0.371122360197855	0.516520342078522	0.273643374124184
CRUK0492	0.361849135249463	0.361849135249463	0.361849135249463	0.361849135249463	0.361849135249463	0.361849135249463	0.361849135249463	0.361849135249463
CRUK0487	1.10343342395049	1.2485740300299	0.873536306595796	2.05960021394972	0.0625101226759739	1.10343342395049	1.35908399344245	0.869406024194989
CRUK0408	0.678012020408917	0.678012020408917	0.678012020408917	0.678012020408917	0.678012020408917	0.678012020408917	0.678012020408917	0.678012020408917
CRUK0497	1.37929809728802	1.45636731654757	1.16788497675898	1.91874449708514	0.705507796221406	1.37929809728802	1.62269469216235	1.02797863547817
CRUK0410	1.1909090777758	1.45610759907921	0.85952611205526	2.03683665357597	0.278797057558505	1.1909090777758	1.5513492995778	0.865819545426946
CRUK0412	1.32976313740191	1.37630340237296	1.29373739435771	1.70045899217327	0.969581804557396	1.32976313740191	1.43061091265965	1.26494110518838
CRUK0401	1.11199795167708	1.28186517534994	0.942130728004208	1.4348523077449	0.789143595609256	1.11199795167708	1.29949042413866	0.924505479215489
CRUK0496	1.29551670538875	1.40167430609934	1.18276521212993	1.77163840273034	0.812801115498932	1.29551670538875	1.41820358814576	1.16366859355657
CRUK0431	0.787232831899156	0.89747168464463	0.676993979153683	0.967755095996663	0.606710567801649	0.787232831899156	0.895426442314842	0.67903922148347
CRUK0447	1.19989326846867	1.19989326846867	1.19989326846867	1.19989326846867	1.19989326846867	1.19989326846867	1.19989326846867	1.19989326846867
CRUK0404	0.501945099817033	0.65257582321449	0.351314376419577	0.890936332053703	0.112953867580364	0.501945099817033	0.678641185866572	0.325249013767495
CRUK0450	0.42988233402203	0.436507378484613	0.423257289559448	0.768563425833122	0.0912012422109388	0.429882334022031	0.532011219024139	0.327753449019922
CRUK0416	0.563301250530644	0.806584026032007	0.424856651023894	1.3878091628811	-0.156368485825199	0.563301250530644	1.00098967227387	0.308437172948479
CRUK0462	0.0366682222826399	0.0883125206225988	-0.0491476913920666	0.386213047939889	-0.347048218709357	0.03666822228264	0.207431454438952	-0.128722773665972
CRUK0418	0.121831619780531	0.121831619780531	0.121831619780531	0.121831619780531	0.121831619780531	0.121831619780531	0.121831619780531	0.121831619780531
CRUK0406	0.524119693933653	0.54675308233404	0.4934688362198	0.948380355940655	0.0918415626131841	0.524119693933653	0.728793648291243	0.292608169513569
CRUK0453	1.4116250154019	1.4116250154019	1.4116250154019	1.4116250154019	1.4116250154019	1.4116250154019	1.4116250154019	1.4116250154019
CRUK0542	0.956460323219967	0.999293417188788	0.913627229251147	1.36865715243323	0.544263494006703	0.956460323219967	1.03593365640146	0.876986990038476
CRUK0573	0.891280938145526	0.947123189036507	0.832889641850024	1.13995644491636	0.640056385970165	0.891280938145526	1.02588995775055	0.820056010044693
CRUK0525	0.679254023716553	0.772106883833283	0.586401163599824	1.15465325615943	0.203854791273681	0.679254023716553	0.867560966240241	0.490947081192866
CRUK0541	0.792840786292337	0.791013396044061	0.794668176540614	0.959059032553402	0.626622540031273	0.792840786292337	0.807860749895296	0.777820822689379
CRUK0592	0.989921910284799	1.04618755971446	0.784003188618514	1.29035034462785	0.539840403705132	0.989921910284799	1.22546241122386	0.756374975371251
CRUK0578	0.205687028950938	0.205687028950938	0.205687028950938	0.205687028950938	0.205687028950938	0.205687028950938	0.205687028950938	0.205687028950938
CRUK0519	0.88476193282503	1.05760894754519	0.915932302116203	1.66973621168598	0.303805037975411	0.88476193282503	1.31298629081665	0.558363064800758
CRUK0533	0.645341927614353	1.38633447935585	0.225653798440546	1.59045691037671	0.0215313674196819	0.645341927614353	1.38327282529565	0.284613684161098
CRUK0581	0.233248116933795	0.269266010482129	0.19723022338546	0.393705879537034	0.0727903543305555	0.233248116933795	0.284444693971227	0.182051539896363
CRUK0537	0.48114879879474	0.887906469365437	0.0743911282240428	1.45952164184494	-0.497224044255457	0.48114879879474	0.887906469365437	0.0743911282240428
CRUK0555	1.0418536235342	1.28758099091894	0.796126256149469	1.91921614130738	0.16449110576103	1.0418536235342	1.4772589577229	0.606448289345505
CRUK0586	1.31122508477897	1.4836385590909	1.13881161046704	1.77812793379146	0.844322235766472	1.31122508477897	1.61299184033241	1.00945832922552
CRUK0530	0.208572097251501	0.337924125905165	0.079220068597838	0.598996866271203	-0.1818526717682	0.208572097251501	0.365938002149452	0.0512061923535509
CRUK0559	0.570474512481893	0.573652108734893	0.567296916228892	0.701150479375543	0.439798545588242	0.570474512481893	0.60536411642052	0.535584908543265
CRUK0570	0.342360985398926	0.386564571401593	0.298157399396259	0.594262963458842	0.0904590073390089	0.342360985398926	0.388599127595964	0.296122843201887
CRUK0513	1.13441066278564	1.32906081815753	0.902470705357559	1.57291462795991	0.658616895555178	1.13441066278564	1.34685701082368	0.918549271870916
CRUK0504	0.37820116997358	0.484724914410467	0.271677425536693	0.608688264921262	0.147714075025897	0.37820116997358	0.491099556703183	0.265302783243977
CRUK0569	0.146791467940865	0.146791467940865	0.146791467940865	0.146791467940865	0.146791467940865	0.146791467940865	0.146791467940865	0.146791467940865
CRUK0548	0.547964888560411	0.623528146480249	0.472401630640573	0.716451195907256	0.379478581213566	0.547964888560411	0.667568296731236	0.428361480389587
CRUK0521	-0.084898318381442	-0.084898318381442	-0.084898318381442	-0.084898318381442	-0.084898318381442	-0.084898318381442	-0.084898318381442	-0.084898318381442
CRUK0512	0.382739959810095	0.350844566160511	0.414635353459679	0.506788670904671	0.258691248715519	0.382739959810095	0.404863953445754	0.360615966174435
CRUK0543	0.486837192071007	0.573775626884451	0.403022708502479	0.816445955394176	0.160352379992753	0.486837192071007	0.542878288664997	0.458633893846135
CRUK0520	0.404639112911822	0.402092873570499	0.407185352253144	0.583891245407391	0.225386980416252	0.404639112911822	0.526479066171993	0.28279915965165
CRUK0567	0.487655831201908	0.43585298931742	0.585545467586254	0.839740844150593	0.181657612753082	0.487655831201908	0.580498457778267	0.383653204136986
CRUK0511	1.05484219232612	1.05484219232612	1.05484219232612	1.05484219232612	1.05484219232612	1.05484219232612	1.05484219232612	1.05484219232612
CRUK0552	0.93017587802949	0.975568567794275	0.911791445787547	1.24663770498208	0.640722308599742	0.93017587802949	1.13367694120887	0.75346512106154
CRUK0684	-0.0444704862407262	-0.0852559699907958	-0.0036850024906562	0.0911565761773914	-0.180097548658843	-0.0444704862407259	-0.01737621367192	-0.0715647588095319
CRUK0610	0.139220330355754	0.172262704258362	0.158039669085416	0.473660611821949	-0.143358238478171	0.139220330355754	0.184747768886575	0.0608411201999891
CRUK0620	1.18418895071746	1.28197428404659	0.849926517668619	2.03473433451019	0.0971664672050142	1.18418895071746	1.38925737248902	0.740951179773183
CRUK0667	0.895704411155704	1.04640336825237	0.773020326299269	1.40023618601898	0.419187508532655	0.895704411155704	1.06750731494587	0.754021656983009
CRUK0666	0.457108636002728	0.442991605000667	0.470095799815412	0.750578721640851	0.162508683175229	0.457108636002728	0.496688500601358	0.395431229017497
CRUK0625	1.17027175367712	1.1792309840969	1.16131252325734	1.28652996946784	1.0540135378864	1.17027175367712	1.23956655180994	1.1009769555443
CRUK0696	0.72104019396004	0.825052171504849	0.574617848711832	1.05169473692321	0.347975283293469	0.72104019396004	0.883109760282387	0.569833765187576
CRUK0693	1.75483805358686	1.71764735148283	1.76709800157521	2.00725772897915	1.47748762407889	1.75483805358686	1.79462497912724	1.72109655589518
CRUK0628	0.377759468324012	0.377759468324012	0.377759468324012	0.377759468324012	0.377759468324012	0.377759468324012	0.377759468324012	0.377759468324012
CRUK0678	0.977549547173903	1.06163787315692	0.893461221190887	1.19971728562166	0.755381808726149	0.977549547173903	1.14335811507187	0.811740979275938
CRUK0650	0.49189046225399	0.550440900787317	0.433340023720663	0.865987038757453	0.117793885750527	0.49189046225399	0.560136360835463	0.423644563672517
CRUK0607	0.961992233100769	1.04719317588861	0.914050606942864	1.30902749367089	0.652216289160582	0.961992233100769	1.03010743107637	0.905957939297308
CRUK0680	0.562315502147445	0.749369911850932	0.41043735715517	1.11898829547277	0.0408189735333329	0.562315502147445	0.6242985649144	0.456216261130054
CRUK0634	0.567147967740618	0.567147967740618	0.567147967740618	0.567147967740618	0.567147967740618	0.567147967740618	0.567147967740618	0.567147967740618
CRUK0709	1.13597267056886	1.11773678109746	1.15420856004027	1.28921504183796	0.982730299299766	1.13597267056886	1.14449598255791	1.12744935857982
CRUK0742	0.447087905082431	0.444508654802492	0.449667155362371	0.640268355562839	0.253907454602024	0.447087905082431	0.55112343881835	0.343052371346513
CRUK0721	1.22470255536069	1.73986637441978	0.709538736301608	2.08919139677238	0.360213713949012	1.22470255536069	1.77685615872703	0.672548951994359
CRUK0775	0.91395869643189	0.879847841186008	0.948069551677772	0.993788360010157	0.834129032853623	0.91395869643189	0.937578087700011	0.890339305163769
CRUK0799	0.303320442446234	0.418848754548108	0.187792130344359	0.622944512666885	-0.0163036277744177	0.303320442446234	0.422840442058655	0.183800442833812
CRUK0730	1.50046068776219	1.50046068776219	1.50046068776219	1.50046068776219	1.50046068776219	1.50046068776219	1.50046068776219	1.50046068776219
CRUK0787	0.624638459617743	0.635208066140837	0.61406885309465	0.790830102672277	0.458446816563209	0.624638459617743	0.633946402694354	0.615330516541133
CRUK0748	1.36833898065348	1.43490208093789	1.34266568588849	2.09557201716726	0.681995749659123	1.36833898065348	1.71410310749016	1.12062788626015
CRUK0707	1.43086868699681	1.42024240748332	1.44149496651029	1.55379950499561	1.307937868998	1.43086868699681	1.45925918734853	1.40247818664508
CRUK0761	0.747587437991648	0.88954263195696	0.605632244026336	1.1749810906966	0.320193785286694	0.747587437991648	0.88954263195696	0.605632244026336
CRUK0736	0.774547872147486	0.774547872147486	0.774547872147486	0.774547872147486	0.774547872147486	0.774547872147486	0.774547872147486	0.774547872147486
CRUK0766	0.8926239760031	0.866287647913074	0.918960304093125	1.00462595397008	0.780621998036117	0.892623976003099	0.919385654267918	0.86586229773828
CRUK0756	0.448673071609118	0.453855049537196	0.44349109368104	0.552990166335364	0.344355976882871	0.448673071609118	0.498043903869081	0.399302239349155
CRUK0794	0.962198464511109	1.43516648688841	0.489230442133812	1.87690417816455	0.0474927508576663	0.962198464511109	1.43516648688841	0.489230442133812
CRUK0755	0.718440021570263	0.718440021570263	0.718440021570263	0.718440021570263	0.718440021570263	0.718440021570263	0.718440021570263	0.718440021570263
CRUK0738	0.457408756796069	0.513441374561189	0.365950097488783	0.681028549819587	0.198362922230386	0.457408756796069	0.579682842739119	0.30359967684335
CRUK0733	0.996696698887629	0.968644339739634	1.02474905803562	1.20319236008061	0.790201037694648	0.996696698887629	1.04890019377294	0.944493204002322
CRUK0722	0.700750797556166	0.700750797556166	0.700750797556166	0.700750797556166	0.700750797556166	0.700750797556166	0.700750797556166	0.700750797556166
CRUK0771	0.691393859868486	0.912412657486079	0.47124303258262	1.15738625730709	0.22626943276161	0.691393859868485	0.943246036506064	0.440336127309671
CRUK0764	0.702582170006434	0.641258179752868	0.763906160260001	0.971183748649322	0.433980591363546	0.702582170006434	0.814714344281911	0.590449995730958
CRUK0704	0.726619445814053	1.23453078406722	0.14434282989443	1.9701463448695	-0.591272730907849	0.726619445814053	1.23690349513097	0.135813048037182
CRUK0745	1.09406941763068	1.04094339517858	1.14719544008279	1.35456440679238	0.833574428468995	1.09406941763069	1.12750874331191	1.06063009194946
CRUK0893	0.647952611547792	0.647952611547792	0.647952611547792	0.647952611547792	0.647952611547792	0.647952611547791	0.647952611547791	0.647952611547791
CRUK0817	1.13697679423531	1.32739714772667	1.14472718880777	1.67031903525175	0.80180530128269	1.13697679423531	1.32405414371049	0.956115057802722
CRUK0810	0.413444256298908	0.693940184669942	0.196986656610351	1.46094669867096	-0.570019857390672	0.413444256298908	0.817256677844896	0.180334303960748
