m1.s.avg	m1.s.max	m1.s.min	m1.s.adj	m1.s.rev	m2.s.avg	m2.s.max	m2.s.min
CRUK0034	2.21924659480835	2.47188737099488	1.96660581862182	2.90899873566323	1.52949445395347	2.21924659480835	2.26004234051817	2.17845084909853
CRUK0045	0.984211615971548	1.05722820349093	0.911195028452166	1.64521124066431	0.323211991278784	0.984211615971547	1.05789937923711	0.910523852705987
CRUK0005	1.60239640031906	1.50300570917618	1.6509950988681	2.1455072247714	1.00849358327288	1.60239640031906	1.8241260143375	1.43037545201813
CRUK0028	1.53115561521916	1.62070137201978	1.44160985841855	1.79765119408877	1.26466003634956	1.53115561521916	1.56069471541951	1.50161651501882
CRUK0117	1.44095317843206	1.54493672374299	1.33696963312113	1.9469795982062	0.934926758657922	1.44095317843206	1.5137324649512	1.36817389191292
CRUK0024	1.79674470326205	1.88520377176551	1.66252342012342	2.5761343728812	0.97159281900773	1.79674470326205	2.10303924551675	1.59335623918584
CRUK0128	0.94107056616849	0.94107056616849	0.94107056616849	0.94107056616849	0.94107056616849	0.94107056616849	0.94107056616849	0.94107056616849
CRUK0051	0.897021530566071	0.928850704038127	0.844202434267604	1.6258586944708	0.147194443834929	0.897021530566071	0.966032438839969	0.759917397487489
CRUK0042	1.63833259095978	1.65853374937732	1.61813143254224	1.86467747331223	1.41198770860732	1.63833259095978	1.7606303430648	1.51603483885476
CRUK0004	2.10235411815549	2.55523912412771	1.73034370328274	3.06981793981696	1.21576488759349	2.10235411815549	2.37515984312874	1.74868657667002
CRUK0057	1.90457103295324	1.89148177103089	1.9176602948756	2.26239028393971	1.54675178196677	1.90457103295324	1.9176602948756	1.89148177103089
CRUK0003	1.50892866074858	1.64189085437065	1.2917232780902	2.48923055268452	0.444383579776334	1.50892866074858	1.71118600623346	1.33308679720256
CRUK0026	1.71872434526006	1.75679615475082	1.6806525357693	1.88177425290317	1.55567443761695	1.71872434526006	1.74076917324799	1.69667951727213
CRUK0039	1.77670795535609	1.98528523753423	1.56813067317794	2.20103658142732	1.35237932928485	1.77670795535608	1.99221115003057	1.5612047606816
CRUK0016	2.05228056590909	2.12473670551267	1.9798244263055	2.34869716142021	1.75586397039796	2.05228056590909	2.08018266329243	2.02437846852574
CRUK0018	1.95445497877161	1.95468428331025	1.73288777913435	2.87753872420613	0.810033338238471	1.95445497877161	2.28645226219116	1.6737448978383
CRUK0053	1.30805646127639	1.35178555134928	1.2643273712035	2.13793057730049	0.478182345252283	1.30805646127639	1.36926315252838	1.24684977002439
CRUK0017	2.24248256537739	2.67503688605845	2.1147256619484	3.36891657220065	1.4208459758062	2.24248256537739	2.66157611448141	1.91744555661878
CRUK0021	2.18947484341758	2.2488894513993	2.13006023543587	2.55828007463207	1.82066961220309	2.18947484341758	2.26563432244415	2.11331536439102
CRUK0060	1.76322175907705	1.68811131388093	1.83833220427318	2.11136287601868	1.41508064213543	1.76322175907705	1.85742244178003	1.66902107637408
CRUK0032	1.46769273865557	1.74994618485295	1.28849553776437	2.38679735670653	0.65164436591079	1.46769273865557	1.68666484491037	1.11181880924196
CRUK0055	1.56769895374469	1.81346242473845	0.985157154228314	3.09076678535068	-0.292147206383914	1.56769895374469	1.92149013946254	0.973316510565292
CRUK0020	1.9697034416867	2.06202052587682	1.87738635749658	2.60034057635771	1.33906630701569	1.9697034416867	2.19427757342909	1.7451293099443
CRUK0027	1.72456948059816	1.89185046430099	1.55728849689533	2.01724076502621	1.43189819617011	1.72456948059816	1.81960734271413	1.62953161848219
CRUK0124	1.49278096001354	1.53634195905694	1.44921996097014	1.74696917681782	1.23859274320927	1.49278096001354	1.56537033737882	1.42019158264826
CRUK0008	2.03300389256517	2.18371973386368	1.88228805126666	2.493446803536	1.57256098159435	2.03300389256517	2.19969103587863	1.86631674925172
CRUK0199	1.50580344730476	1.50580344730476	1.50580344730476	1.50580344730476	1.50580344730476	1.50580344730476	1.50580344730476	1.50580344730476
CRUK0182	1.77442461867084	1.85717016720148	1.69167907014019	2.07458663471905	1.47426260262262	1.77442461867084	1.87870667385395	1.67014256348772
CRUK0029	2.61629258024794	2.83378911037717	2.37285782819762	3.68168520387368	1.52496173470111	2.61629258024794	2.91270092807072	2.39005978383923
CRUK0061	2.3981916172835	2.3981916172835	2.3981916172835	2.3981916172835	2.3981916172835	2.3981916172835	2.3981916172835	2.3981916172835
CRUK0023	1.45964172929553	1.55027347883776	1.36900997975331	1.90875617685963	1.01052728173144	1.45964172929553	1.62313992214818	1.29614353644289
CRUK0035	1.97482923094896	2.05238214507945	1.88860049745295	2.22777129176307	1.71321135076933	1.97482923094896	2.02148977131011	1.91017641729671
CRUK0044	1.67508098309468	1.93470217139703	1.41545979479233	2.23656960619758	1.11359235999178	1.67508098309468	1.80700421066371	1.54315775552565
CRUK0050	1.70146828414634	1.82775137795567	1.55940594880709	2.21647137745805	1.1706859493047	1.70146828414634	1.78139200581663	1.49517858913581
CRUK0030	1.35778494719485	1.43907982258443	1.27379513246065	1.98291370575087	0.729961249294218	1.35778494719485	1.57395109452217	1.22197285911499
CRUK0157	2.33205275018709	2.78420932399915	1.95641692137022	3.18221435890323	1.55841188646614	2.33205275018709	2.7708844663767	2.07377051275138
CRUK0052	2.39461903019431	2.4534111963118	2.27207687661487	3.19301039838454	1.53247767454213	2.39461903019431	2.61206545148974	2.18156100240117
CRUK0010	2.22309675848386	2.22309675848386	2.22309675848386	2.22309675848386	2.22309675848386	2.22309675848386	2.22309675848386	2.22309675848386
CRUK0046	1.98547836291364	1.97893155567684	1.91374317793196	2.53778985384206	1.35488487976675	1.98547836291364	2.06907414019082	1.86732089385714
CRUK0142	1.87197870471562	1.86356420588448	1.88039320354675	2.21057208742596	1.53338532200528	1.87197870471562	1.95448691091113	1.78947049852011
CRUK0115	1.71962269548855	1.7891966210144	1.6500487699627	1.82742365254532	1.61182173843179	1.71962269548855	1.72583810371225	1.71340728726485
CRUK0041	1.97796306053814	2.21870970741354	1.49921323366751	2.79569851463578	0.922224426445265	1.97796306053814	2.31160693108131	1.52381780864608
CRUK0036	1.33912708801022	1.55054056115453	1.24362766448636	2.15843369630309	0.635734529337796	1.33912708801022	1.4557129110311	1.14426574647181
CRUK0012	2.11990686119582	2.11990686119582	2.11990686119582	2.11990686119582	2.11990686119582	2.11990686119582	2.11990686119582	2.11990686119582
CRUK0001	1.43473422359953	1.61834138484041	1.25112706235864	2.06245553171214	0.807012915486915	1.43473422359953	1.55293898290736	1.31652946429169
CRUK0047	1.70178592850507	1.72752604301572	1.67604581399443	1.96102500631474	1.4425468506954	1.70178592850507	1.81139911737422	1.59217273963592
CRUK0033	1.34968582720125	1.3649385695524	1.33443308485009	1.48405088786029	1.2153207665422	1.34968582720125	1.3649385695524	1.33443308485009
CRUK0009	1.87137595833065	2.27924299239943	1.46350892426188	2.58754512418069	1.15520679248062	1.87137595833065	1.98796865382014	1.75478326284117
CRUK0178	1.9856457902967	2.52454876876011	1.41310992252112	2.93975510740068	0.997903583880546	1.9856457902967	2.38904633501337	1.44435545119305
CRUK0049	1.27850519434805	1.27850519434805	1.27850519434805	1.27850519434805	1.27850519434805	1.27850519434805	1.27850519434805	1.27850519434805
CRUK0025	1.29122243092105	1.31150152215019	1.27094333969191	1.63523683271459	0.947208029127507	1.29122243092105	1.32273725780806	1.25970760403403
CRUK0006	1.52533218164232	1.59591484179133	1.45474952149331	2.06610350787844	0.984560855406195	1.52533218164232	1.54739787459145	1.50326648869319
CRUK0259	1.86496171811379	2.02717084546795	1.70275259075963	2.49436671906959	1.23555671715799	1.86496171811379	2.09861507442655	1.63130836180103
CRUK0270	1.96757995642039	2.00537882222988	2.01557791790737	2.84585348823622	1.17510325190103	1.96757995642039	2.05890409609437	1.83065934434069
CRUK0048	2.02454387098909	2.07691661059385	1.97217113138432	2.35529067902136	1.69379706295682	2.02454387098909	2.06707177392617	1.98201596805201
CRUK0296	1.54945196052065	1.5537331335941	1.54517078744721	1.78529998211328	1.31360393892803	1.54945196052065	1.6012710251184	1.4976328959229
CRUK0253	1.01759475149892	1.28638243178799	0.784002876428854	1.99267897088333	0.0777063373335133	1.01759475149892	1.26749785595259	0.784002876428854
CRUK0019	2.2462948039727	2.2462948039727	2.2462948039727	2.2462948039727	2.2462948039727	2.2462948039727	2.2462948039727	2.2462948039727
CRUK0285	0.84873132814134	0.84873132814134	0.84873132814134	0.84873132814134	0.84873132814134	0.84873132814134	0.84873132814134	0.84873132814134
CRUK0272	2.33870911593095	2.32953711936853	2.2757441920729	3.10273167932956	1.50254963211187	2.33870911593095	2.6605111523822	1.97600885851467
CRUK0011	1.04692676075903	1.24452475596929	0.838527593493443	1.79661651556995	0.286435833892788	1.04692676075903	1.15004007376325	0.992177780028738
CRUK0037	1.31975491601904	1.82261232085951	0.864855781693776	2.81982054563923	-0.132352443085949	1.31975491601904	1.90108587893346	0.863111240524779
CRUK0014	1.4963014259394	1.4963014259394	1.4963014259394	1.4963014259394	1.4963014259394	1.4963014259394	1.4963014259394	1.4963014259394
CRUK0279	1.60729299565955	1.60729299565955	1.60729299565955	1.60729299565955	1.60729299565955	1.60729299565955	1.60729299565955	1.60729299565955
CRUK0223	1.90516926471988	2.08097957302	1.20894473086573	3.41690014338739	-0.126975839501659	1.90516926471989	2.31753841407917	1.35494541463871
CRUK0287	1.83114166747776	1.8260221247798	1.83626121017572	2.08054604740315	1.58173728755237	1.83114166747776	1.84552720311984	1.81675613183568
CRUK0276	2.06056712776622	2.17220292126133	1.9478777447985	2.88227532519563	1.2378053408642	2.06056712776622	2.40404072597909	1.80195399242263
CRUK0242	1.63418457741011	1.60564314357897	1.58823723364598	2.27555978434827	0.918320592876684	1.63418457741011	1.77883507874675	1.52359108119282
CRUK0022	1.73599870231514	2.04270047407123	1.42929693055906	2.35508300283589	1.1169144017944	1.73599870231514	2.02148120146345	1.45051620316684
CRUK0206	2.33553122309558	2.45294756804303	2.23016044069156	3.07937047046341	1.60373753827119	2.33553122309558	2.4545650822437	2.16855591876333
CRUK0297	1.21468850381538	1.21468850381538	1.21468850381538	1.21468850381538	1.21468850381538	1.21468850381538	1.21468850381538	1.21468850381538
CRUK0284	1.83401026224803	2.26048765213855	1.34582520243234	3.1085871372457	0.497725717325195	1.83401026224803	2.31381545091645	1.43595094466282
CRUK0233	1.18038578863485	1.27789059872799	1.08288097854171	1.44789820376111	0.912873373508597	1.18038578863485	1.268135073301	1.0926365039687
CRUK0280	2.42552319097685	2.75701438472748	1.99541788756385	3.52870926275905	1.22372300953228	2.42552319097685	2.79142065891258	1.88135612952675
CRUK0247	1.32432531614556	1.34999353004566	1.29865710224547	1.62918305195814	1.01946758033298	1.32432531614556	1.34774891512708	1.30090171716405
CRUK0274	1.77201457396443	2.11436848238681	1.56470387754337	3.06148045846824	0.617591901461951	1.77201457396443	2.17960279929227	1.50804321480875
CRUK0212	1.72249020905398	1.72249020905398	1.72249020905398	1.72249020905398	1.72249020905398	1.72249020905398	1.72249020905398	1.72249020905398
CRUK0299	2.09276379852462	2.36020391665543	1.82532368039381	3.3535531423324	0.831974454716845	2.09276379852462	2.10678872095035	2.07873887609889
CRUK0372	0.794749907860144	0.794749907860144	0.794749907860144	0.794749907860144	0.794749907860144	0.794749907860144	0.794749907860144	0.794749907860144
CRUK0361	2.2643780330504	2.99190822395926	1.72326830403117	3.96709233481439	0.748084193176042	2.2643780330504	3.1080314031763	1.93376443285924
CRUK0380	2.38226049405097	2.50177977470148	2.29357918732827	3.13072050725391	1.66463845477584	2.38226049405097	2.51214691372373	2.18077651747924
CRUK0352	2.10925321147113	2.31136810224466	1.90713832069759	2.90756342830633	1.31094299463592	2.10925321147113	2.4542930498625	1.76421337307975
CRUK0371	2.07967924407091	2.17461406465067	1.98474442349115	2.41492203191242	1.74443645622939	2.07967924407091	2.13983994042098	2.01951854772083
CRUK0344	1.93669550272913	1.98466452730493	1.88872647815332	2.32597779080324	1.54741321465501	1.93669550272913	2.02202579991136	1.85136520554689
CRUK0313	0.937345584090439	0.937345584090439	0.937345584090439	0.937345584090439	0.937345584090439	0.937345584090439	0.937345584090439	0.937345584090439
CRUK0369	2.23002772825694	2.3067582629898	1.47628737033777	3.88344384972154	-0.100398216393968	2.23002772825694	2.70306465827655	1.35200014324513
CRUK0375	0.806221237373074	0.820022577812027	0.792419896934121	1.3997338190646	0.21270865568155	0.806221237373074	0.831273826347235	0.781168648398914
CRUK0388	1.83395128110852	2.10252517701506	1.5028421655367	2.96857892175178	0.636788420799984	1.83395128110852	2.1207944343678	1.35612559862383
CRUK0370	1.52615975842247	1.66571156123558	1.38660795560936	1.80293064891108	1.24938886793386	1.52615975842247	1.59864466326544	1.4536748535795
CRUK0386	1.6377416345536	1.6377416345536	1.6377416345536	1.6377416345536	1.6377416345536	1.6377416345536	1.6377416345536	1.6377416345536
CRUK0322	1.40069768505721	1.65767927424899	1.10628667965593	2.46080000252952	0.303165951375395	1.40069768505721	1.64174445733198	1.06698578585701
CRUK0316	2.06963712313513	2.12632912493898	1.9680086200228	2.35445613185888	1.73988161310289	2.06963712313513	2.10084910189084	2.04374691419581
CRUK0301	1.75777583231264	1.75777583231264	1.75777583231264	1.75777583231264	1.75777583231264	1.75777583231264	1.75777583231264	1.75777583231264
CRUK0333	1.75910662909746	1.76872170424697	1.70552170322759	2.4224577649992	1.05178564247536	1.75910662909746	1.79847161367623	1.68834574462785
CRUK0379	1.71142861401468	2.03814688750837	1.20907017669706	2.9588805172499	0.288336546955531	1.71142861401468	2.09265968976516	1.13653381640398
CRUK0377	1.5899550275631	1.5899550275631	1.5899550275631	1.5899550275631	1.5899550275631	1.5899550275631	1.5899550275631	1.5899550275631
CRUK0394	2.76093950468561	3.03920511529107	2.57913947083887	3.36663409470306	2.25171049142687	2.76093950468561	2.86240934376223	2.63317418694256
CRUK0368	0.967973645546614	1.00072817167142	0.935219119421808	1.3454870183129	0.590460272780325	0.967973645546614	0.99390427176839	0.942043019324839
CRUK0319	0.936560191070176	0.936560191070176	0.936560191070176	0.936560191070176	0.936560191070176	0.936560191070176	0.936560191070176	0.936560191070176
CRUK0350	1.67587570054196	1.72970119634546	1.62205020473847	1.90469093228052	1.4470604688034	1.67587570054196	1.74684599718107	1.60490540390286
CRUK0337	1.81736740226395	1.81736740226395	1.81736740226395	1.81736740226395	1.81736740226395	1.81736740226395	1.81736740226395	1.81736740226395
CRUK0359	1.56657135770699	1.63273731530497	1.50040540010901	1.97859406373849	1.15454865167549	1.56657135770699	1.61962300891093	1.51351970650305
CRUK0343	1.20785545405801	1.68660084768777	0.789308204098935	2.34887519280995	0.12703385897676	1.20785545405801	1.38773654584878	0.785359491565792
CRUK0385	1.83669723596331	2.05774859859736	1.64422758096182	2.8808822043342	0.821093975224981	1.83669723596331	1.9469285745606	1.68746519633648
CRUK0460	1.50305288507605	1.65885685639801	1.39202158515437	2.0808193326408	0.970059108911584	1.50305288507605	1.58616827649464	1.35307891055817
CRUK0492	1.74775051287697	1.74775051287697	1.74775051287697	1.74775051287697	1.74775051287697	1.74775051287697	1.74775051287697	1.74775051287697
CRUK0487	2.12307563976704	2.25102732658459	1.76486265138773	3.3486938927	0.66719608527231	2.12307563976704	2.38588621385955	1.76369672855637
CRUK0408	1.51147619849083	1.51147619849083	1.51147619849083	1.51147619849083	1.51147619849083	1.51147619849083	1.51147619849083	1.51147619849083
CRUK0497	2.0615743738378	1.87862849689421	2.1358362670018	3.09442138781317	0.920043376082838	2.0615743738378	2.09347581079647	2.00463569790972
CRUK0410	1.31925116210079	1.74276561839515	0.96910163304742	2.61089094452531	0.100976306917264	1.31925116210079	1.60007821311841	0.951058496755904
CRUK0412	2.35669702497732	2.63578789164144	2.0435678739538	3.06317876710052	1.61617699849472	2.35669702497732	2.66909892553874	2.05032964005738
CRUK0401	1.33098401024003	1.39481111363444	1.26715690684562	1.70464240583119	0.957325614648873	1.33098401024003	1.41368244830573	1.24828557217433
CRUK0496	2.14541728153712	2.34165952670671	1.7844954223929	2.83444622527425	1.29170872382536	2.14541728153712	2.31940685406002	1.81434587646895
CRUK0431	1.23289685421185	1.34650496152009	1.1192887469036	1.52280873577113	0.942984972652557	1.23289685421185	1.30937114779565	1.15642256062804
CRUK0447	2.15864489414227	2.15864489414227	2.15864489414227	2.15864489414227	2.15864489414227	2.15864489414227	2.15864489414227	2.15864489414227
CRUK0404	1.19526585791376	1.34583617707312	1.04469553875439	1.86678087667041	0.523750839157104	1.19526585791376	1.36814224594492	1.02238946988259
CRUK0450	1.49219130274431	1.50564880843743	1.4787337970512	1.9868104172667	0.997572188221919	1.49219130274431	1.53751474435314	1.44686786113549
CRUK0416	1.47881923290678	1.82833753140121	1.12085888504526	2.58557909292569	0.363617323520782	1.47881923290678	1.87440376375545	1.21762408999745
CRUK0462	0.983793812233535	1.18304545871196	0.780444231721884	1.78132164811192	0.182168042321929	0.983793812233535	1.16058453195992	0.676079957849514
CRUK0418	1.62689357044256	1.62689357044256	1.62689357044256	1.62689357044256	1.62689357044256	1.62689357044256	1.62689357044256	1.62689357044256
CRUK0406	2.04133941576106	2.30041513934002	1.98185442409869	2.93204937038809	1.35022019305062	2.04133941576106	2.40441335881606	1.75639970305245
CRUK0453	2.27371012674161	2.27371012674161	2.27371012674161	2.27371012674161	2.27371012674161	2.27371012674161	2.27371012674161	2.27371012674161
CRUK0542	1.49273417522233	1.58040734835659	1.40506100208807	2.12515608450433	0.860312265940332	1.49273417522233	1.52078828827241	1.46468006217225
CRUK0573	1.66788540417031	1.96069071897669	1.38863919597629	2.28762905248958	1.0617008624634	1.66788540417031	1.91515808467355	1.49050917594276
CRUK0525	1.84316584801798	1.90410631148889	1.78222538454707	2.31400122643881	1.37233046959714	1.84316584801798	1.89753937519571	1.78879232084024
CRUK0541	2.66533379401358	2.73373647708772	2.59693111093944	2.90109927421013	2.42956831381703	2.66533379401358	2.67737248596974	2.65329510205742
CRUK0592	1.32889518270158	1.42347915852627	1.23610277299614	1.72356947282977	0.936012458692632	1.32889518270158	1.36326987211145	1.30010911077511
CRUK0578	1.34042259664067	1.34042259664067	1.34042259664067	1.34042259664067	1.34042259664067	1.34042259664067	1.34042259664067	1.34042259664067
CRUK0519	1.94148077845499	2.36634963647369	1.59056705923657	3.3835090581157	0.573407637594561	1.94148077845499	2.47944457554484	1.3133115477086
CRUK0533	1.01300147425622	1.23844997104102	0.765784875950246	1.91195263481545	0.092282212175813	1.01300147425622	1.38337016849021	0.658140774662357
CRUK0581	1.77011808392305	1.77097495399863	1.76926121384746	2.04549047063401	1.49474569721208	1.77011808392305	1.84400025328275	1.69623591456334
CRUK0537	1.11641553735524	1.46434512172629	0.768485952984197	2.4215203340888	-0.188689259378315	1.11641553735524	1.46434512172629	0.768485952984197
CRUK0555	1.75575795015734	1.68446817784757	1.82704772246712	2.48473970443092	1.02677619588376	1.75575795015734	1.80821706597821	1.70329883433647
CRUK0586	2.39127245349903	2.65844566488362	2.12409924211443	3.22559708207456	1.55694782492349	2.39127245349903	2.61565545207583	2.16688945492222
CRUK0530	1.03937883787526	1.26047826857125	0.818279407179279	1.87168928379795	0.20706839195258	1.03937883787526	1.26047826857125	0.818279407179279
CRUK0559	1.53398197234096	1.55254166585509	1.51542227882683	1.76562581313543	1.30233813154649	1.53398197234096	1.53582104355938	1.53214290112254
CRUK0570	1.12982266103943	1.24417893790305	1.01546638417582	1.57831127360145	0.681334048477414	1.12982266103943	1.14693981532381	1.11270550675505
CRUK0513	1.96511335965437	1.95201106048669	1.9566789962007	2.45253514857526	1.45615490811213	1.96511335965437	2.10425929223547	1.85856858184071
CRUK0504	1.90453784443263	1.94108206627814	1.86799362258712	2.17224601556726	1.63682967329799	1.90453784443263	1.91822392619356	1.8908517626717
CRUK0569	1.09230649787926	1.09230649787926	1.09230649787926	1.09230649787926	1.09230649787926	1.09230649787926	1.09230649787926	1.09230649787926
CRUK0548	1.9463070584854	2.03707135979383	1.85554275717697	2.22765022671435	1.66496389025645	1.9463070584854	1.96291753442758	1.92969658254322
CRUK0521	0.405082009739419	0.405082009739419	0.405082009739419	0.405082009739419	0.405082009739419	0.405082009739419	0.405082009739419	0.405082009739419
CRUK0512	1.63460094188561	1.70362966949639	1.56557221427483	1.97852392274126	1.29067796102997	1.63460094188561	1.7465761163053	1.52262576746593
CRUK0543	0.79840288945112	1.07407170288028	0.630076189223	1.63235046865944	0.071797423443838	0.79840288945112	0.976132364799334	0.625357551362315
CRUK0520	1.31027746059324	1.37668120856575	1.24387371262073	1.65784039406644	0.962714527120036	1.31027746059324	1.42078773598174	1.19976718520474
CRUK0567	1.56801004933528	1.70767327507928	1.29132824572033	2.31938101634104	0.679620504458572	1.56801004933528	1.69905586149558	1.44334419633459
CRUK0511	1.37099149924326	1.37099149924326	1.37099149924326	1.37099149924326	1.37099149924326	1.37099149924326	1.37099149924326	1.37099149924326
CRUK0552	2.02654699277156	2.1789189876197	1.89824803993383	2.55587589587448	1.52129113167904	2.02654699277156	2.14477472675939	1.9413160515703
CRUK0684	1.59263039425357	1.68507482922749	1.50018595927965	1.86276427205993	1.32249651644721	1.59263039425357	1.63480625455485	1.55045453395229
CRUK0610	1.24384744467702	1.44930287171492	1.05855435113601	1.92481096998182	0.583046252869103	1.24384744467702	1.38220932415302	1.11713596341995
CRUK0620	1.93770840431955	2.63184566298742	1.49553882500556	3.67490468163874	0.452479806354237	1.93770840431955	2.38673288007528	1.46428677977343
CRUK0667	1.94960715736335	2.11245502516319	1.79154605033235	2.49248685395757	1.41151422153797	1.94960715736335	2.133041383091	1.75252291971304
CRUK0666	1.71818407248415	1.7474822459199	1.65621722117281	2.16925655053787	1.23444291655484	1.71818407248415	1.78418960517927	1.61592234083234
CRUK0625	2.79275764789023	2.866901208364	2.71861408741645	3.00328095762727	2.58223433815319	2.79275764789023	2.94832677921307	2.63718851656739
CRUK0696	1.17517943858172	1.3060205238835	1.07358198286403	1.77967751542924	0.599924991318289	1.17517943858172	1.20533478137349	1.1445754052297
CRUK0693	1.13984846862629	1.41293641912488	1.03109184945986	2.09728178106815	0.34674648751659	1.13984846862629	1.34750739336088	0.959215221242919
CRUK0628	0.810213441441053	0.810213441441053	0.810213441441053	0.810213441441053	0.810213441441053	0.810213441441053	0.810213441441053	0.810213441441053
CRUK0678	1.29170537590472	1.30462321203415	1.27878753977529	1.55124299781899	1.03216775399045	1.29170537590472	1.3075257854934	1.27588496631604
CRUK0650	1.3386664225624	1.50756841276163	1.16976443236318	1.7919562328941	0.885376612230705	1.3386664225624	1.61775860986868	1.05957423525613
CRUK0607	1.33974293116815	1.44550001110715	1.24581307747095	1.7616234128663	0.929689675711796	1.33974293116815	1.42411952919046	1.24452865426209
CRUK0680	2.16937157291001	2.31508909012601	2.08151538778862	2.84997531721434	1.5466291607003	2.16937157291001	2.30596389903266	2.08218575136902
CRUK0634	0.692985899479032	0.692985899479032	0.692985899479032	0.692985899479032	0.692985899479032	0.692985899479032	0.692985899479032	0.692985899479032
CRUK0709	1.49592275320398	1.48803359937774	1.50381190703021	1.7601009185635	1.23174458784445	1.49592275320397	1.52886466362322	1.46298084278473
CRUK0742	1.49021558216131	1.60823187031393	1.37219929400868	1.72789351065311	1.25253765366951	1.49021558216131	1.58906073164829	1.39137043267433
CRUK0721	1.47953440376819	1.69933466470276	1.25973414283362	2.1838953802092	0.775173427327171	1.47953440376819	1.82267761712793	1.13639119040845
CRUK0775	1.6109892550036	1.79063316653452	1.43134534347268	1.9388203687806	1.28315814122661	1.6109892550036	1.80425549145728	1.41772301854992
CRUK0799	1.04278173891016	1.23112243362092	0.854441044199393	1.89807104683679	0.18749243098352	1.04278173891016	1.23866451457737	0.846898963242936
CRUK0730	2.15922861322915	2.15922861322915	2.15922861322915	2.15922861322915	2.15922861322915	2.15922861322915	2.15922861322915	2.15922861322915
CRUK0787	1.80657196043496	2.04596098698647	1.56718293388346	2.28882352043306	1.32432040043687	1.80657196043496	1.87218525753313	1.7409586633368
CRUK0748	2.53790582916386	3.01667668294534	2.08046060789793	3.93872576602942	1.15841152481386	2.53790582916386	2.68826075271088	2.38647311224209
CRUK0707	2.16180817911927	2.13779022786913	2.18582613036941	2.58571391213251	1.73790244610604	2.16180817911927	2.18681595749351	2.13680040074504
CRUK0761	1.84052490839807	1.9802262807279	1.70082353606823	2.47168697288824	1.20936284390789	1.84052490839807	1.93302903969671	1.74802077709942
CRUK0736	2.40389332028957	2.40389332028957	2.40389332028957	2.40389332028957	2.40389332028957	2.40389332028957	2.40389332028957	2.40389332028957
CRUK0766	1.63100217156564	1.68509391863982	1.57691042449145	2.08038648050409	1.18161786262719	1.63100217156564	1.85220092644273	1.40980341668855
CRUK0756	0.770771861738074	0.9054009963452	0.636142727130949	1.07087329726118	0.470670426214966	0.770771861738075	0.775482697944769	0.76606102553138
CRUK0794	1.15948358646501	1.69658631453204	0.622380858397982	2.29748838788426	0.0214787850457587	1.15948358646501	1.82410911123217	0.494858061697851
CRUK0755	1.28656971076894	1.28656971076894	1.28656971076894	1.28656971076894	1.28656971076894	1.28656971076894	1.28656971076894	1.28656971076894
CRUK0738	1.11395260193064	1.21492238946898	1.03741144499768	1.43276088374008	0.819572950726575	1.11395260193064	1.14366711047499	1.05514635504126
CRUK0733	1.41509731213197	1.48044261948202	1.34975200478193	1.61284718988776	1.21734743437619	1.41509731213197	1.53383332388107	1.29636130038288
CRUK0722	1.28822005296415	1.28822005296415	1.28822005296415	1.28822005296415	1.28822005296415	1.28822005296415	1.28822005296415	1.28822005296415
CRUK0771	1.87161281838384	2.15400373239833	1.65069517053542	2.64191075289946	1.16278815003429	1.87161281838384	1.98835717625032	1.64746234556601
CRUK0764	1.03032324590039	1.11895278482599	0.941693706974789	1.38414217158008	0.676504320220698	1.03032324590039	1.11624875396351	0.944397737837268
CRUK0704	1.43078772134491	2.12120059920515	0.596797465989259	2.94273475856736	-0.224736693372951	1.43078772134491	2.04700435804288	0.746093653606733
CRUK0745	1.74052834554358	2.04836686581734	1.43268982526982	2.35760411702491	1.12345257406225	1.74052834554358	1.9978755079122	1.48318118317496
CRUK0893	2.06195404944117	2.06195404944117	2.06195404944117	2.06195404944117	2.06195404944117	2.06195404944117	2.06195404944117	2.06195404944117
CRUK0817	2.62660590518411	2.72577503227855	2.42170072672941	3.17239045604611	1.97508530296185	2.62660590518411	2.78974157942004	2.53854468768361
CRUK0810	1.10766176217371	1.48177900487148	0.859015329927533	3.0718559326115	-0.731061597812485	1.10766176217371	1.40765925029593	0.753680077968276
