m1.s.avg	m1.s.max	m1.s.min	m1.s.adj	m1.s.rev	m2.s.avg	m2.s.max	m2.s.min
CRUK0150	11.21442478981	12.1721868379688	10.0654060919599	14.0913227777038	8.14627015222493	11.21442478981	11.7860412116295	10.4592353670428
CRUK0117	4.07944098898806	4.56508683591974	3.59379514205637	5.20860238780495	2.95027959017117	4.07944098898806	4.30503091387914	3.85385106409697
CRUK0128	6.99714667069908	6.99714667069908	6.99714667069908	6.99714667069908	6.99714667069908	6.99714667069908	6.99714667069908	6.99714667069908
CRUK0134	10.4355949582103	11.348084640829	9.42186311045726	13.5170843968207	7.25286335446556	10.4355949582103	11.0880117792228	9.46272146820679
CRUK0146	10.4587137737257	11.2919958896616	9.41868290870471	12.5873956689829	8.12328312938349	10.4587137737257	11.0573993559484	9.79792513587363
CRUK0196	10.2390034827016	10.4875022793323	9.99050468607096	10.9939616070344	9.48404535836891	10.2390034827016	10.3835825125228	10.0944244528804
CRUK0124	8.75984846472631	9.18686140580984	8.33283552364279	9.74249511740302	7.77720181204961	8.75984846472631	9.17977000953173	8.3399269199209
CRUK0199	7.39363362801938	7.39363362801938	7.39363362801938	7.39363362801938	7.39363362801938	7.39363362801938	7.39363362801938	7.39363362801938
CRUK0182	7.2592441671971	7.72332617239215	6.79516216200204	8.46560253098922	6.05288580340497	7.2592441671971	7.71887029589258	6.79961803850162
CRUK0183	8.41739774865573	8.41739774865573	8.41739774865573	8.41739774865573	8.41739774865573	8.41739774865573	8.41739774865573	8.41739774865573
CRUK0129	12.3980548058725	14.2394970832589	10.5510387978893	16.2563290041192	8.53420687702899	12.3980548058725	13.6529850904921	11.2023245045429
CRUK0157	8.50502851560659	10.0725313682281	7.31074851857959	11.5707051133253	5.81257477348235	8.50502851560659	9.98697901196677	7.40579531830329
CRUK0118	9.64704689590422	10.3001540577506	8.99393973405782	10.9418218823082	8.3522719095002	9.64704689590422	10.0383509261889	9.25574286561955
CRUK0142	8.89090705797479	9.32253803502304	8.45927608092655	10.4431380624303	7.33867605351934	8.89090705797479	9.48432157378268	8.29749254216691
CRUK0115	10.2907990753771	10.5234045910091	10.0581935597452	10.8419247722435	9.73967337851079	10.2907990753771	10.3188731111253	10.262725039629
CRUK0178	10.9206621427873	12.6687821260193	8.74648694133733	14.5664682408678	6.84880082648883	10.9206621427873	12.1951951210765	10.0436036696967
CRUK0259	9.90805089405376	10.431390404337	9.38471138377052	11.9743522182985	7.84174956980907	9.90805089405377	10.0803594092385	9.73574237886899
CRUK0270	8.87460749097	10.4024886499815	7.58819076624652	12.404072610594	5.58660680563411	8.87460749097	9.65247749246309	8.17021526164438
CRUK0235	5.30204502649258	6.46061389199092	4.28329347510048	7.42456598368623	3.31934138340517	5.30204502649258	5.75078578793648	4.42049390038131
CRUK0296	10.6458642218866	10.8704165125646	10.4213119312087	11.2385627335474	10.0531657102259	10.6458642218866	10.769673706439	10.5220547373342
CRUK0253	7.16080881013409	8.70065621859355	5.65315060191939	11.3478047589532	3.0060020615597	7.16080881013409	8.02590281530855	5.86498447715339
CRUK0290	9.40879114710246	10.4114490926127	8.40613320159224	12.1398831411185	6.67769915308644	9.40879114710246	10.4210111622644	8.39657113194055
CRUK0285	4.09596610380126	4.09596610380126	4.09596610380126	4.09596610380126	4.09596610380126	4.09596610380126	4.09596610380126	4.09596610380126
CRUK0272	9.43954746893646	11.341339942469	7.74213280743373	13.7518802128743	5.33159253702846	9.43954746893646	10.8011616154079	8.42418373195849
CRUK0279	5.83804710515578	5.83804710515578	5.83804710515578	5.83804710515578	5.83804710515578	5.83804710515578	5.83804710515578	5.83804710515578
CRUK0223	10.7020536505922	13.7055974752031	7.34454981433927	18.4027065358694	2.647440753673	10.7020536505922	13.5299754459473	9.00390713184038
CRUK0293	10.9097352770486	12.0781809089865	9.74128964511064	13.5187047325024	8.30076582159471	10.9097352770486	11.9010063451674	9.91846420892967
CRUK0232	10.2089029995422	10.9815339812688	9.43627201781565	11.9483341505494	8.46947184853502	10.2089029995422	11.0776296097577	9.34017638932673
CRUK0287	10.4935765129757	10.6704785263444	10.3166744996069	11.1641661148473	9.82298691110408	10.4935765129757	10.5225963391814	10.4645566867699
CRUK0271	10.8774136381826	11.7563947918436	10.349136998972	14.9191965710164	7.18633521979921	10.8774136381826	11.5412399405863	10.6005859643877
CRUK0273	10.0457748260113	10.520464595787	9.57108505623547	11.9707617702847	8.12078788173777	10.0457748260113	10.391318513581	9.70023113844152
CRUK0276	10.8734362849941	12.4240461481774	9.64027267693041	13.9332214961171	8.13109732899069	10.8734362849941	11.653266441376	10.2475271660689
CRUK0242	9.71593444619651	10.4846997835949	8.80910263272665	12.5641719006814	6.72963051564011	9.71593444619651	10.3949072068276	9.10857056261508
CRUK0245	10.0186085451095	10.3707386021648	9.6664784880543	10.9129952725145	9.12422181770454	10.0186085451095	10.1616147995967	9.87560229062236
CRUK0201	6.78685379006689	6.78685379006689	6.78685379006689	6.78685379006689	6.78685379006689	6.78685379006689	6.78685379006689	6.78685379006689
CRUK0206	9.45468478089204	10.8780225739483	8.43362233143297	12.8529368066602	6.45870809872106	9.45468478089204	10.0310991639426	8.73459747903873
CRUK0241	10.4831285898401	12.1432142401625	9.19292439794332	15.1037469194281	6.2323917186777	10.4831285898401	11.9242483462095	9.81901104611716
CRUK0297	4.56343365233969	4.56343365233969	4.56343365233969	4.56343365233969	4.56343365233969	4.56343365233969	4.56343365233969	4.56343365233969
CRUK0284	7.81179221883874	9.58674098732453	6.02176376339278	12.2947241740771	3.31378057664022	7.81179221883874	9.28332665555861	6.58392901172777
CRUK0233	8.10318391919217	8.69037192304701	7.51599591533734	9.34037572651215	6.8659921118722	8.10318391919217	8.48942411608358	7.71694372230077
CRUK0280	9.78047026823761	10.8387496936264	8.34956465623248	12.7288917803831	6.45942256947585	9.78047026823761	10.5706074085732	8.99120122641528
CRUK0247	6.90277332793788	7.2276051169357	6.57794153894006	7.96262488604387	5.84292176983189	6.90277332793788	7.08259979989088	6.72294685598488
CRUK0213	6.24750321400308	6.24750321400308	6.24750321400308	6.24750321400308	6.24750321400308	6.24750321400308	6.24750321400308	6.24750321400308
CRUK0286	7.13451261187515	7.46253936743278	6.66318485508649	8.6815499632204	5.44417425929887	7.13451261187515	7.50506924186498	6.81789022620956
CRUK0256	9.86405710626347	9.86405710626347	9.86405710626347	9.86405710626347	9.86405710626347	9.86405710626347	9.86405710626347	9.86405710626347
CRUK0274	8.25838950510896	10.7736823583574	6.36850016859442	12.8904477595141	4.25173476743772	8.25838950510896	10.4432768046425	6.91641279002203
CRUK0244	10.2751250884297	10.2751250884297	10.2751250884297	10.2751250884297	10.2751250884297	10.2751250884297	10.2751250884297	10.2751250884297
CRUK0212	8.99802272764042	8.99802272764042	8.99802272764042	8.99802272764042	8.99802272764042	8.99802272764042	8.99802272764042	8.99802272764042
CRUK0299	10.4813726248531	11.1528879173511	9.809857332355	13.7861837978145	7.17656145189159	10.4813726248531	10.5098820434151	10.452863206291
CRUK0240	8.60109192071976	9.47858662039026	7.72359722104927	10.7245025202685	6.47768132117107	8.60109192071976	9.33438452682264	7.86779931461688
CRUK0392	8.03854614207317	10.0643943242999	6.38859089071105	12.71363502553	3.73935018948087	8.03854614207317	9.96138464028814	7.05678317027165
CRUK0381	10.4153940636235	12.7054265308687	7.89529048612539	15.7608705575176	4.83984645947652	10.4153940636235	12.8391784715536	7.93927726356489
CRUK0372	3.01375258073918	3.01375258073918	3.01375258073918	3.01375258073918	3.01375258073918	3.01375258073918	3.01375258073918	3.01375258073918
CRUK0361	9.45476172585341	12.6492713107734	6.76464027757618	16.6962457204436	2.71766586790602	9.45476172585341	12.6334130280087	6.76323608537669
CRUK0380	9.56742860008537	10.6288159358785	8.71042257299484	12.8728889923863	6.46634951648708	9.56742860008537	10.2367847618883	8.95347835860534
CRUK0329	6.98121859595849	7.96524085531502	5.99719633660196	10.045077242123	3.91735994979401	6.98121859595849	7.53145848081758	6.4309787110994
CRUK0315	12.0048836748612	12.362186858761	11.6475804909615	13.1550935754616	10.8546737742609	12.0048836748613	12.2456056746988	11.7641616750237
CRUK0352	11.5792443794158	13.6963741247749	9.46211463405667	15.4376170677984	7.7208716910331	11.5792443794158	13.3439486188005	9.81454014003103
CRUK0310	8.93032362796091	9.42815462801245	8.43249262790937	10.3390918006743	7.52155545524756	8.93032362796091	9.21041046988922	8.65023678603259
CRUK0371	9.73184848843222	10.0307801430152	9.43291683384928	10.3807252150077	9.0829717618567	9.73184848843222	9.89940197570577	9.56429500115867
CRUK0331	8.17436812845244	9.74525870908347	5.98971119279264	13.1151584785058	2.6198114233703	8.17436812845244	9.7312548550364	6.52892706425171
CRUK0344	10.1426597535239	11.2686289057594	9.01669060128848	12.844143175943	7.4411763311048	10.1426597535239	11.2464716255025	9.03884788154531
CRUK0313	3.76522302237417	3.76522302237417	3.76522302237417	3.76522302237417	3.76522302237417	3.76522302237417	3.76522302237417	3.76522302237417
CRUK0369	8.83363469689829	11.7682515288983	4.99204709394892	16.5691152713155	0.191183351531686	8.8336346968983	11.268427242967	5.02487563189234
CRUK0312	8.95705637902483	9.36469588225304	8.54941687579663	10.0107405331679	7.90337222488178	8.95705637902483	9.26402423116881	8.65008852688086
CRUK0328	10.2682788432299	10.2682788432299	10.2682788432299	10.2682788432299	10.2682788432299	10.2682788432299	10.2682788432299	10.2682788432299
CRUK0375	5.15397168381082	6.69790508062905	3.61003828699259	8.60714626601889	1.70079710160275	5.15397168381082	6.69754104023348	3.61040232738817
CRUK0388	7.69616490700481	9.79712757632732	5.8398606510742	12.6630044348517	2.97398379254978	7.69616490700481	9.84199952608477	6.16142134981205
CRUK0308	7.60464434265539	8.19455115085822	7.01473753445255	9.63794516010407	5.5713435252067	7.60464434265539	8.0738238825442	7.13546480276658
CRUK0370	6.71465318560937	7.04926375545579	6.38004261576295	7.51548691888195	5.91381945233679	6.71465318560937	6.71874179822174	6.71056457299701
CRUK0386	7.53243383314113	7.53243383314113	7.53243383314113	7.53243383314113	7.53243383314113	7.53243383314113	7.53243383314113	7.53243383314113
CRUK0322	8.61284960974188	10.5912683703555	6.12709602869951	13.8794585807484	2.83890581830659	8.61284960974188	10.4790029392588	6.20998006944829
CRUK0316	8.92953985149996	9.3300732476766	8.53033140086949	10.3097170634318	7.55068758511427	8.92953985149996	9.24099274922453	8.66069932568285
CRUK0301	8.15660624529203	8.15660624529203	8.15660624529203	8.15660624529203	8.15660624529203	8.15660624529203	8.15660624529203	8.15660624529203
CRUK0333	7.5961235855637	9.21217588911411	6.59762080085916	10.8659223832512	4.94387430672203	7.5961235855637	8.9030641743135	6.75967836097574
CRUK0379	8.99417454635857	11.9980677217686	6.23563494554567	15.9555698442041	2.27813282311017	8.99417454635857	11.2756212107712	6.22471190590293
CRUK0377	6.70622147615738	6.70622147615738	6.70622147615738	6.70622147615738	6.70622147615738	6.70622147615738	6.70622147615738	6.70622147615738
CRUK0394	12.5182732497645	13.1344013362338	11.9316449759187	14.32800555537	10.7380407567824	12.5182732497645	13.2322834732894	12.1231671238351
CRUK0393	7.28789676915221	8.48947008690483	5.83112022652101	11.1709890776291	3.14960123579674	7.28789676915221	8.33934663058649	5.82961813088942
CRUK0368	6.63240948661593	7.31305773228961	5.95176124094226	7.99247505146163	5.27234392177024	6.63240948661593	7.07701529709189	6.18780367613997
CRUK0319	4.81729801775222	4.81729801775222	4.81729801775222	4.81729801775222	4.81729801775222	4.81729801775222	4.81729801775222	4.81729801775222
CRUK0318	6.67058919883608	6.67058919883608	6.67058919883608	6.67058919883608	6.67058919883608	6.67058919883608	6.67058919883608	6.67058919883608
CRUK0396	8.98727534316587	9.27184509257706	8.70270559375467	10.4090672341721	7.56548345215962	8.98727534316587	9.16608839264589	8.80846229368584
CRUK0303	6.12685863351109	6.9691007732991	5.28461649372309	8.03505153066694	4.21866573635524	6.12685863351109	6.79461704732578	5.45910021969641
CRUK0350	9.3028010810272	9.70757460115486	8.89802756089955	10.3741801134955	8.23142204855886	9.30280108102721	9.5581585841235	9.04744357793091
CRUK0334	7.69002663570268	7.69002663570268	7.69002663570268	7.69002663570268	7.69002663570268	7.69002663570268	7.69002663570268	7.69002663570268
CRUK0384	10.5382333628534	10.9472614304353	10.1292052952716	11.8548163996662	9.22165032604067	10.5382333628534	10.9354995919009	10.1409671338059
CRUK0337	8.91717919876396	8.91717919876396	8.91717919876396	8.91717919876396	8.91717919876396	8.91717919876396	8.91717919876396	8.91717919876396
CRUK0373	9.25414877011394	9.25414877011394	9.25414877011394	9.25414877011394	9.25414877011394	9.25414877011394	9.25414877011394	9.25414877011394
CRUK0359	7.73813234016666	8.66948882511526	6.80677585521807	9.79915023899686	5.67711444133647	7.73813234016666	8.67139483832426	6.80486984200907
CRUK0343	7.90137727797108	9.34490771959895	6.11588145498785	11.8285990666062	3.63219010798064	7.90137727797108	9.16890940116558	6.11663641263298
CRUK0321	6.94071046988159	7.36658212510908	6.51483881465411	8.03301339730024	5.84840754246295	6.94071046988159	7.23906844550553	6.64235249425766
CRUK0385	11.4171632262391	12.6360243697864	10.0205479383125	14.8201310931157	7.83644121498315	11.4171632262391	12.1115119216775	10.3659734454082
CRUK0311	7.07652746565533	9.24622114146407	4.69396113622227	12.0650026032554	1.87517967443096	7.07652746565533	8.75526105213213	5.27724559860575
CRUK0460	6.52359929614977	7.04449625376285	5.87850419849462	9.04066601197801	3.88233444027947	6.52359929614977	6.987094646977	6.02371115895721
CRUK0492	6.43473637286417	6.43473637286417	6.43473637286417	6.43473637286417	6.43473637286417	6.43473637286417	6.43473637286417	6.43473637286417
CRUK0487	10.5684917463039	12.2448550218116	7.97524341066475	15.5660140459735	4.65408438650278	10.5684917463039	12.526373927018	7.89666533410475
CRUK0495	8.65714352592095	10.4732050212066	7.34207871292192	13.7509089128994	4.06437482122912	8.65714352592095	9.95463506036489	7.74784085745465
CRUK0408	10.3083997672982	10.3083997672982	10.3083997672982	10.3083997672982	10.3083997672982	10.3083997672982	10.3083997672982	10.3083997672982
CRUK0497	11.9716096509811	13.6928307689609	10.5357478843544	16.1059620486926	8.12261660462272	11.9716096509811	12.438958175602	11.1164496786109
CRUK0422	8.02635773084546	9.08936804895129	6.96334741273962	10.6029852779902	5.44973018370074	8.02635773084546	8.93672398529701	7.11599147639391
CRUK0410	9.56067793508627	12.1300468293697	6.94916298003881	15.4473081555489	3.63190165385956	9.56067793508627	11.3916634396797	7.14265747913622
CRUK0412	10.1251574564579	11.0753122023104	8.92686232005968	12.8240324862227	7.17814203614741	10.1251574564579	10.8037973120665	8.96807381394266
CRUK0420	7.72765201155115	10.1199663827666	5.3353376403357	13.3860554743993	2.06924854870303	7.72765201155115	10.0984418699211	5.35686215318124
CRUK0488	9.90032275536372	9.90032275536372	9.90032275536372	9.90032275536372	9.90032275536372	9.90032275536372	9.90032275536372	9.90032275536372
CRUK0401	5.17837149781879	5.76616016344569	4.5905828321919	6.53163039925074	3.82511259638685	5.17837149781879	5.63832649332856	4.71841650230902
CRUK0448	10.4657321426386	11.3481810360039	9.28747329625608	12.9207810516023	7.71487328065771	10.4657321426386	11.2796627195731	9.82488104527906
CRUK0496	11.5635860822842	12.7232475556195	10.268275267229	14.9240205569745	8.06750226587391	11.5635860822842	12.7353006251641	10.2662926892297
CRUK0452	8.81894962517072	9.77927339232556	8.12131264092052	11.940883555273	5.95970247797309	8.81894962517072	9.53311532181769	8.18135424084134
CRUK0472	11.3933358909296	12.6567728108254	10.1780145841631	14.1509250975185	8.68386229747003	11.3933358909296	11.935273122758	11.1145454400017
CRUK0434	9.02847159700414	10.0464778574526	8.11526943836116	11.8300437171593	6.33170357865442	9.02847159700414	9.81667118943125	8.53602044968476
CRUK0431	7.26882832639628	7.65072081744243	6.88693583535012	8.21059966976185	6.3270569830307	7.26882832639628	7.47314713573648	7.06450951705607
CRUK0451	6.76689595700099	7.96950406121335	5.63887469190788	9.07292275834593	4.5354559947753	6.76689595700099	7.37325673787305	5.9605736890199
CRUK0447	10.4128689677347	10.4128689677347	10.4128689677347	10.4128689677347	10.4128689677347	10.4128689677347	10.4128689677347	10.4128689677347
CRUK0404	7.13009597722543	7.74779919970813	6.51239275474274	9.73983365965927	4.5203582947916	7.13009597722543	7.69084326524776	6.5693486892031
CRUK0463	10.73130631899	11.4486490828049	10.0139635551752	12.4542524910905	9.00836014688958	10.73130631899	11.4177289372031	10.044883700777
CRUK0419	8.14769114243586	8.14769114243586	8.14769114243586	8.14769114243586	8.14769114243586	8.14769114243586	8.14769114243586	8.14769114243586
CRUK0484	8.3611504778148	11.3913559656717	5.73859760158489	14.0584056770076	3.07154789024892	8.3611504778148	10.8592089164009	6.44466843146879
CRUK0450	5.91574638322035	6.65031535064797	5.18117741579273	7.62423213365741	4.2072606327833	5.91574638322035	6.67352604480239	5.15796672163832
CRUK0403	7.64009793427095	8.57837316990021	6.4916044916004	11.5503142238697	3.51966343763092	7.64009793427095	8.22399162445885	6.55174371333744
CRUK0467	10.8344369979787	10.8344369979787	10.8344369979787	10.8344369979787	10.8344369979787	10.8344369979787	10.8344369979787	10.8344369979787
CRUK0485	6.03753914325801	7.47413623326169	5.03162964574281	8.85503776183359	3.65072811717091	6.03753914325802	7.37541771112161	5.3401614821162
CRUK0416	7.09873076764225	8.36717471362709	6.06969222148752	10.5273074653039	3.90955946981074	7.09873076764225	7.83677125925215	6.51090238541425
CRUK0462	4.58239087728517	5.44473470314277	3.53298455210552	7.21617219161995	1.76154706362835	4.58239087728517	5.25421376089461	3.55101856701726
CRUK0476	9.86044363154734	11.1417590377555	8.73785237801971	13.8207375946727	6.05887382110251	9.86044363154733	11.536111558184	9.13997402444675
CRUK0418	8.26380462215703	8.26380462215703	8.26380462215703	8.26380462215703	8.26380462215703	8.26380462215703	8.26380462215703	8.26380462215703
CRUK0465	8.4750613842535	8.4750613842535	8.4750613842535	8.4750613842535	8.4750613842535	8.4750613842535	8.4750613842535	8.4750613842535
CRUK0406	8.98817231048145	9.81586557378407	7.87977493868903	11.6355477302349	6.06009278223826	8.98817231048145	9.42462056486287	8.31445037871168
CRUK0423	10.219036524428	11.5571064894664	8.86142902067207	12.6587008565818	7.75983465355668	10.219036524428	11.2914213046632	9.46117729246724
CRUK0478	7.9780227898198	8.37413288738934	7.58191269225026	8.92170869432225	7.03433688531735	7.9780227898198	8.01922727068807	7.93681830895153
CRUK0453	7.30716284371429	7.30716284371429	7.30716284371429	7.30716284371429	7.30716284371429	7.30716284371429	7.30716284371429	7.30716284371429
CRUK0444	8.38915594725941	8.64013194486486	8.13817994965397	10.5241964691387	6.25411542538013	8.38915594725941	8.44386304849982	8.33444884601901
CRUK0594	11.5226140672958	11.5226140672958	11.5226140672958	11.5226140672958	11.5226140672958	11.5226140672958	11.5226140672958	11.5226140672958
CRUK0542	7.49102180173637	8.30969213580868	6.67235146766407	10.2920038171415	4.69003978633128	7.49102180173637	8.11229770908244	6.86974589439031
CRUK0573	9.07388670084714	9.91086551654333	8.24892185173399	10.7411620803459	7.41862528793137	9.07388670084714	9.21128804940735	8.94375331374637
CRUK0579	8.58697084781857	9.70937705106204	7.76520327793445	12.3828071811297	5.09177314786679	8.58697084781857	9.98438516813154	7.79039803313546
CRUK0514	10.151928946322	11.1627891798593	9.14106871278474	12.0438801631859	8.25997772945818	10.151928946322	10.674517090768	9.62934080187604
CRUK0584	9.13994074119465	9.87913635973988	8.40074512264942	11.1498381106724	7.1300433717169	9.13994074119465	9.15710801698129	9.12277346540801
CRUK0510	7.4190962172	9.39226286072094	5.53745773594871	12.5051040849626	2.42461651170704	7.4190962172	8.91292685702483	5.78636408829613
CRUK0525	9.21689026308051	9.82369029058227	8.61009023557875	10.6490768748557	7.78470365130536	9.21689026308051	9.40924777020197	9.02453275595905
CRUK0598	8.71481032964225	8.71481032964225	8.71481032964225	8.71481032964225	8.71481032964225	8.71481032964225	8.71481032964225	8.71481032964225
CRUK0563	6.33655277074296	7.92229365474131	4.93333411438521	10.3718877730201	2.48373999610641	6.33655277074296	7.23312126461966	5.08342834375867
CRUK0566	12.1608101806204	12.8850998391437	11.4365205220971	14.5058189156694	9.81580144557145	12.1608101806204	12.9692764040473	11.3523439571935
CRUK0541	9.57038854749766	9.7750734362908	9.36570365870452	10.5565688391355	8.58420825585984	9.57038854749766	9.76710580785737	9.37367128713795
CRUK0597	10.7572989076092	11.7376272596683	9.77697055555014	13.9303406194962	7.58425719572227	10.7572989076092	11.7682146425354	9.74638317268307
CRUK0592	7.72939735140361	8.44641372546831	6.97387596380391	9.65532329465094	5.76496639462129	7.72939735140362	7.80730187420607	7.65596038661272
CRUK0535	7.57105749311393	10.2408185984228	4.39858097788165	14.4509956739583	0.188403902346166	7.57105749311393	10.0787485581809	4.48464161595759
CRUK0565	6.62691322840837	7.42421368886198	5.71381297306533	9.81461696927259	3.32340969265472	6.62691322840837	6.91512191340454	5.89885867709132
CRUK0578	7.40741324925241	7.40741324925241	7.40741324925241	7.40741324925241	7.40741324925241	7.40741324925241	7.40741324925241	7.40741324925241
CRUK0590	8.2868773327364	9.57139018037397	6.64011308066478	11.9067859621857	4.3047172988531	8.2868773327364	8.90213170591602	6.75631310206511
CRUK0519	8.51397256115481	10.1649187215129	7.44229019784508	13.0715648253322	4.53564409402575	8.51397256115481	9.75031209510323	7.39852807035608
CRUK0557	7.7136905740186	9.88949079745398	5.94706872721602	13.1688151178276	2.66774440684237	7.7136905740186	9.89710702392194	6.26848055432415
CRUK0533	7.75404031585552	9.74743346304736	6.20369091982304	11.6033520660875	4.3477723167829	7.75404031585552	8.320366749384	6.85036970935986
CRUK0527	8.19275647138761	9.7489402648016	7.02359760809551	11.8851042124383	4.88743366045882	8.19275647138761	9.3912046741239	7.49247879093957
CRUK0505	8.82698225502269	9.95982291055586	7.69414159948953	12.1484605044841	5.50550400556132	8.82698225502269	9.5737518648029	8.08021264524248
CRUK0581	6.86191308225423	7.0055622816342	6.71826388287427	7.85779868156663	5.86602748294184	6.86191308225423	7.22581174302555	6.49801442148292
CRUK0537	5.4843034902445	8.22819904301747	2.74040793747152	11.5610150789399	-0.592408098450884	5.4843034902445	8.22819904301747	2.74040793747152
CRUK0556	5.42539651914042	5.42539651914042	5.42539651914042	5.42539651914042	5.42539651914042	5.42539651914042	5.42539651914042	5.42539651914042
CRUK0555	7.63126372383577	9.59529662113952	5.66723082653201	11.8428962404223	3.4196312072492	7.63126372383577	9.54990962468776	5.71261782298378
CRUK0586	9.83499084347187	11.1376367591195	8.53234492782422	13.1846741505356	6.48530753640815	9.83499084347188	10.4857302762075	9.18425141073625
CRUK0530	4.08075240212467	5.38723905308084	2.77426575116849	6.89096089158642	1.27054391266292	4.08075240212467	5.32856833847364	2.8329364657757
CRUK0582	8.31799208391912	8.31799208391912	8.31799208391912	8.31799208391912	8.31799208391912	8.31799208391912	8.31799208391912	8.31799208391912
CRUK0549	8.88859461281974	11.1447731855457	6.93478247129491	14.0051203923792	4.07443526446138	8.88859461281974	11.1236940350867	7.13123112816116
CRUK0503	7.88511978691106	7.88511978691106	7.88511978691106	7.88511978691106	7.88511978691106	7.88511978691106	7.88511978691106	7.88511978691106
CRUK0550	9.28879085362158	9.73052857043545	8.84705313680771	10.0639404252901	8.51364128195307	9.28879085362158	9.33116546421049	9.24641624303266
CRUK0528	9.32056192557703	10.5073544759056	8.21270266601756	12.6581877693367	6.06186937258645	9.32056192557703	10.1611177435549	7.94935539838126
CRUK0559	6.52136514747227	6.84791058872999	6.19481970621455	7.54153176129881	5.50119853364573	6.52136514747227	6.80443510542197	6.23829518952257
CRUK0516	9.82660623735915	12.051130775023	7.63989763687774	14.5258432741115	5.16518513778924	9.82660623735915	10.9167504837329	8.0707906110319
CRUK0540	7.58979626294413	7.58979626294413	7.58979626294413	7.58979626294413	7.58979626294413	7.58979626294413	7.58979626294413	7.58979626294413
CRUK0570	7.14960177675688	8.2563797535085	6.04282380000525	9.78664031697395	4.51256323653981	7.14960177675688	8.18125759089332	6.11794596262044
CRUK0596	8.31018052506706	10.5109175495511	6.33255096525638	14.2700236445618	2.5734448702456	8.31018052506706	9.0990295366686	6.9152555264086
CRUK0513	8.43068683363007	9.45961428708822	7.54604712180566	10.7252643914089	6.28039701748496	8.43068683363007	9.08775931528989	8.04610531810474
CRUK0504	6.62156345903334	6.95942899575961	6.28369792230708	7.48736662103094	5.75576029703575	6.62156345903335	6.67636862945125	6.56675828861544
CRUK0569	6.04027597480211	6.04027597480211	6.04027597480211	6.04027597480211	6.04027597480211	6.04027597480211	6.04027597480211	6.04027597480211
CRUK0548	8.78779419162993	9.06028975137255	8.51529863188732	9.66718533948773	7.90840304377214	8.78779419162993	8.99614698537848	8.57944139788139
CRUK0521	4.42162725983756	4.42162725983756	4.42162725983756	4.42162725983756	4.42162725983756	4.42162725983756	4.42162725983756	4.42162725983756
CRUK0512	7.43038148635361	7.80422434603725	7.05653862666996	8.59909887866914	6.26166409403808	7.43038148635361	7.89846974116476	6.96229323154246
CRUK0589	10.063504360425	10.7778947839638	9.3491139368862	11.6288802410892	8.49812847976083	10.063504360425	10.5674482283766	9.5595604924734
CRUK0543	6.0400771156749	7.39207594153478	4.73794662635455	8.97227694000053	3.1577456278888	6.0400771156749	6.753157370528	5.44610775450108
CRUK0520	7.21988249172547	7.63461801146127	6.80514697198967	8.29355817032524	6.1462068131257	7.21988249172547	7.35639216087428	7.08337282257666
CRUK0553	9.92607416047485	10.162198832213	9.6899494887367	11.2079778798771	8.64417044107264	9.92607416047485	9.95351696874296	9.89863135220673
CRUK0518	6.8859321622712	7.57556193739338	6.19630238714902	8.82340032710692	4.94846399743548	6.8859321622712	7.33596310778899	6.43590121675341
CRUK0524	8.85943827126678	9.36341994076558	8.35545660176797	11.2883498978969	6.43052664463665	8.85943827126678	9.20919350737127	8.50968303516228
CRUK0567	6.47500723205701	7.79128953339081	5.54674375242549	9.94130895204974	3.39672433376656	6.47500723205701	6.59883614220635	6.41211664264782
CRUK0511	8.11220888170239	8.11220888170239	8.11220888170239	8.11220888170239	8.11220888170239	8.11220888170239	8.11220888170239	8.11220888170239
CRUK0552	9.33888877280502	10.0805675310841	8.74650598731822	11.5498835163579	7.27719000204438	9.33888877280502	9.77199079863499	9.02412929100847
CRUK0684	7.21289688769784	7.36384045504483	7.06195332035085	8.03202560328157	6.39376817211411	7.21289688769784	7.33445323092074	7.09134054447493
CRUK0610	4.11018297389354	5.28622199162199	2.97025945310296	6.87470330225753	1.38177814246741	4.11018297389354	5.26037061347433	2.99579670200284
CRUK0692	9.25644687644949	9.62290089719813	8.88999285570086	10.0253385653395	8.48755518755947	9.25644687644949	9.32559990029036	9.18729385260863
CRUK0681	11.0320661602035	12.362790954686	9.75638841810817	14.4628560675167	7.65632330527755	11.0320661602035	11.5276350765507	10.2824501930292
CRUK0620	9.99021043511067	12.4358416060546	6.39443857664737	16.1387172765806	2.69156290612139	9.99021043511067	11.4670932297872	6.6049536447008
CRUK0667	8.21956701196865	9.7066671013329	6.95767948813666	11.4623201633884	5.20202642608111	8.21956701196865	9.25464255960136	7.68565711412161
CRUK0686	8.29103455450004	9.02836383792541	7.55370527107467	9.99047970041085	6.59158940858924	8.29103455450004	8.98101401276838	7.60105509623171
CRUK0666	9.17081471692323	9.88546067203304	8.36958441093663	11.5986929410739	6.65635214189572	9.17081471692323	9.64296763316171	8.55147525635671
CRUK0625	8.13623353574242	8.35800596293194	7.9144611085529	9.23605586178	7.03641120970484	8.13623353574242	8.32987967089927	7.94258740058557
CRUK0696	8.57049272648282	9.41352194377084	7.5142683328064	10.9978875016505	5.92990277492669	8.57049272648282	8.95359639245886	8.13299328157188
CRUK0691	5.48724736357716	5.48724736357716	5.48724736357716	5.48724736357716	5.48724736357716	5.48724736357716	5.48724736357716	5.48724736357716
CRUK0638	12.9086357625555	12.9086357625555	12.9086357625555	12.9086357625555	12.9086357625555	12.9086357625555	12.9086357625555	12.9086357625555
CRUK0674	7.41547887621608	9.21193698784729	4.79293439762378	13.2714153343553	0.733456051115739	7.41547887621608	9.14546539635624	4.67660209670491
CRUK0693	10.1598270924768	10.6159300340563	9.44119498132315	12.3057950503266	7.75132996505283	10.1598270924768	10.7441103427293	9.60365648367493
CRUK0628	7.73510305086438	7.73510305086438	7.73510305086438	7.73510305086438	7.73510305086438	7.73510305086438	7.73510305086438	7.73510305086438
CRUK0682	8.93828691843116	9.58380108504313	8.38111063703861	10.7892450711829	7.17566665089889	8.93828691843117	9.201866879446	8.74939680245183
CRUK0609	8.06254586967392	8.73771421421208	7.38737752513576	9.63770599842412	6.48738574092373	8.06254586967392	8.65833201963648	7.46675971971137
CRUK0606	10.8873465494613	12.8218398535801	9.35082002359612	15.3652128436697	6.80744703350658	10.8873465494613	11.7551442465625	10.248698054931
CRUK0678	7.75751458385357	8.06109287681046	7.45393629089669	8.64138702622912	6.87364214147803	7.75751458385357	7.97723591855309	7.53779324915405
CRUK0640	7.3667970312526	10.0223309277057	5.39403098013034	12.4245019123284	2.99185999550762	7.3667970312526	9.86177139699124	6.18454066464116
CRUK0644	8.90758290311581	9.70710809518274	7.56037307695792	12.4329353204755	4.83454585166515	8.90758290311581	9.70416030408888	7.56260138740526
CRUK0650	8.16462101959277	9.1644213009017	7.16482073828384	10.3268879850145	6.00235405417107	8.16462101959277	9.01299528646637	7.31624675271917
CRUK0607	8.8641902490835	9.52223020569524	7.91304380875564	10.9791964710258	6.45607754342509	8.86419024908349	9.25845445217517	8.20294828358252
CRUK0680	9.01444485341578	10.7601668283027	7.30454377362121	12.6422462121362	5.42246438978774	9.01444485341577	10.1264575721251	8.39922242436748
CRUK0617	9.86312362524895	10.8331275523851	9.0894727778681	11.8830058420906	8.03959448816267	9.86312362524895	10.2298188530361	9.53638058821658
CRUK0616	9.26472427531044	10.3306204279557	8.19882812266521	11.7937455648728	6.73570298574813	9.26472427531044	9.82836409286947	8.70108445775141
CRUK0649	9.28607682959311	9.66163127363413	8.9105223855521	10.099916405149	8.47223725403723	9.28607682959311	9.32074760800893	9.2514060511773
CRUK0634	7.66706129457198	7.66706129457198	7.66706129457198	7.66706129457198	7.66706129457198	7.66706129457198	7.66706129457198	7.66706129457198
CRUK0679	8.46090408319758	8.87341322700913	8.04839493938604	9.68475978133634	7.23704838505882	8.46090408319758	8.73874580271034	8.18306236368483
CRUK0698	7.32965691981926	8.42849737238299	6.20814094667362	10.854710754979	3.7819275640776	7.32965691981926	8.39636246054121	6.55099484151295
CRUK0709	9.17266467181135	9.66220494602057	8.68312439760213	10.4929801940153	7.85234914960736	9.17266467181135	9.56581774918249	8.77951159444021
CRUK0768	10.5410957492027	10.9994259322005	10.0827655662049	11.8905325109415	9.19165898746383	10.5410957492027	11.0175631173024	10.064628381103
CRUK0784	9.7201384069523	11.1530874820764	8.04643126184034	13.9652020925485	5.2343166513682	9.7201384069523	10.7530718186503	8.18682634034771
CRUK0742	8.67355974220363	9.1559002268831	8.19121925752417	10.0486741704176	7.2984453139897	8.67355974220363	8.97807306807882	8.36904641632844
CRUK0781	6.4781510173489	7.82523930310149	5.13106273159632	9.33895697616276	3.61734505853505	6.4781510173489	7.860317712006	5.0959843226918
CRUK0731	10.2159960647601	11.0375450767026	9.39444705281755	12.3620851343623	8.06990699515781	10.2159960647601	10.938390085019	9.49360204450115
CRUK0710	7.43726533845096	7.90852010465017	6.96601057225174	8.97319829529071	5.9013323816112	7.43726533845095	7.70391696098404	7.17061371591787
CRUK0721	8.47414626066092	9.54631802122574	7.4019745000961	12.3624792557315	4.58581326559035	8.47414626066092	9.22544858347992	7.72284393784192
CRUK0775	8.231648349347	8.22019017854	8.243106520154	9.02227818026894	7.44101851842505	8.231648349347	8.39097056157371	8.07232613712029
CRUK0799	5.12462269463271	6.22215876089548	4.02708662836993	8.04813039044401	2.20111499882141	5.12462269463271	6.17547305166589	4.07377233759953
CRUK0730	10.6087921081236	10.6087921081236	10.6087921081236	10.6087921081236	10.6087921081236	10.6087921081236	10.6087921081236	10.6087921081236
CRUK0706	8.9163854007886	10.4253973880946	7.52749181660038	12.5128704216366	5.44001878305836	8.9163854007886	9.80428288065466	7.60755726452426
CRUK0787	9.13645472196677	9.60037895460619	8.67253048932736	10.2926726319772	7.9802368119563	9.13645472196677	9.4694240227504	8.80348542118315
CRUK0748	10.565334169638	11.8587992365744	8.78382334620158	14.5291363741374	6.11348620863858	10.565334169638	11.0643228023664	9.3547445653382
CRUK0707	9.57420827447416	10.2381598047787	8.91025674416967	10.6792410480019	8.46917550094646	9.57420827447417	9.84671129392398	9.30170525502435
CRUK0749	10.9101576002708	11.7846843393984	10.08917873496	13.0693720486514	8.80449102570694	10.9101576002708	11.2289701425642	10.5110125101209
CRUK0735	6.64866868375114	6.64866868375114	6.64866868375114	6.64866868375114	6.64866868375114	6.64866868375114	6.64866868375114	6.64866868375114
CRUK0761	10.3549610263983	11.1515866977673	9.55833535502936	13.1326366898488	7.57728536294783	10.3549610263983	11.156991990565	9.55293006223169
CRUK0717	5.73219635557013	7.19466674200131	4.51287672794096	9.61461333912191	2.09293013082037	5.73219635557013	7.40341381466834	4.74055828620413
CRUK0736	8.25845509308767	8.25845509308767	8.25845509308767	8.25845509308767	8.25845509308767	8.25845509308767	8.25845509308767	8.25845509308767
CRUK0737	6.34244609563593	7.7319034015536	4.95298878971826	11.4514793116181	1.23341287965378	6.34244609563593	7.61236505767443	5.07252713359743
CRUK0702	7.66320917362073	8.68311007660399	6.71869247343586	11.9924487755019	3.409353774538	7.66320917362073	8.51339283224856	6.77337911607785
CRUK0766	8.62149236600368	8.86232165367627	8.38066307833108	9.56273630549576	7.68024842651158	8.62149236600367	8.81536217938874	8.4276225526186
CRUK0734	10.394292363875	12.1502133396968	8.63837138805313	14.5513260595259	6.23725866822404	10.394292363875	12.0880294861533	8.70055524159665
CRUK0772	10.6144762181886	10.6144762181886	10.6144762181886	10.6144762181886	10.6144762181886	10.6144762181886	10.6144762181886	10.6144762181886
CRUK0769	10.0619419593719	10.9257949400277	9.19808897871605	11.8267925029673	8.29709141577645	10.0619419593719	10.1772951199661	9.9465887987777
CRUK0756	6.19714944943377	6.41037207589801	5.98392682296954	6.61429572098043	5.78000317788711	6.19714944943377	6.22336838734198	6.17093051152557
CRUK0794	7.7415504693674	10.7933180902311	4.68978284850372	13.1081544012826	2.37494653745223	7.7415504693674	10.7863889990201	4.69671193971468
CRUK0755	8.39427274676301	8.39427274676301	8.39427274676301	8.39427274676301	8.39427274676301	8.39427274676301	8.39427274676301	8.39427274676301
CRUK0729	9.98111823324682	10.5723199080551	9.10842530966944	11.2954143183658	8.38533089935871	9.98111823324682	10.5265741684086	9.54174906464415
CRUK0714	9.15009483032621	10.2715331018263	7.7307774115782	12.6009705664154	5.40133994698908	9.15009483032622	10.2086216883291	8.65341660496872
CRUK0738	6.78805574206306	7.23014595804279	6.20811713604961	7.90370097774442	5.53456211634798	6.78805574206306	7.12305290158253	6.29055379769606
CRUK0733	8.15322242300761	8.5151634103284	7.79128143568681	9.26630398682949	7.04014085918571	8.15322242300761	8.4180895768345	7.88835526918071
CRUK0722	8.13482744799669	8.13482744799669	8.13482744799669	8.13482744799669	8.13482744799669	8.13482744799669	8.13482744799669	8.13482744799669
CRUK0771	9.57503343116242	10.6521368092371	8.4619256394534	12.2053527331651	6.90870971552541	9.57503343116242	10.6587052786876	8.61205578624687
CRUK0719	10.1232726188662	10.1232726188662	10.1232726188662	10.1232726188662	10.1232726188662	10.1232726188662	10.1232726188662	10.1232726188662
CRUK0718	10.823094081442	11.9227758362232	9.7234123266607	12.6124296750542	9.03375848782968	10.823094081442	11.4261577120571	10.2200304508268
CRUK0764	6.36325821048686	7.2760178537859	5.45049856718783	8.32698578921374	4.39953063175999	6.36325821048686	7.02615876762915	5.70035765334458
CRUK0704	7.41795786277226	10.68737625416	3.48290105946317	14.3191946280739	-0.148917314450671	7.41795786277226	9.27592646084334	3.56230324219774
CRUK0745	9.58162476613701	10.3034917118457	8.8597578204283	11.7740033471061	7.38924618516795	9.58162476613701	9.6033644508612	9.55988508141281
CRUK0861	9.79555120000388	10.3745601179336	9.21654228207417	11.2105768017261	8.38052559828165	9.79555120000388	10.3602628867978	9.23083951320994
CRUK0893	8.73066418168753	8.73066418168753	8.73066418168753	8.73066418168753	8.73066418168753	8.73066418168753	8.73066418168753	8.73066418168753
CRUK0872	7.92587175157932	8.40702578774725	7.44471771541139	9.11977942397185	6.73196407918679	7.92587175157932	8.04410505428767	7.80763844887096
CRUK0817	7.96514005482498	9.40870879413384	7.07224561753141	10.7956529602265	5.68530145143875	7.96514005482498	8.71220777918386	7.21098500102219
CRUK0810	5.56655986694837	8.52844702477803	3.08135196510515	13.1313872630302	-1.52158827314701	5.56655986694837	7.89648348984896	3.23569087934552
