m1.s.avg	m1.s.max	m1.s.min	m1.s.adj	m1.s.rev	m2.s.avg	m2.s.max	m2.s.min
CRUK0150	3.47821710894985	3.76245869921521	3.031989489131	3.89569396874652	2.89875421959969	3.47821710894985	3.657879962601	3.05518952876605
CRUK0117	1.45068973884938	1.59030179031184	1.31107768738691	1.62003236514369	1.28134711255506	1.45068973884937	1.51424866609027	1.38713081160848
CRUK0128	2.97105302894279	2.97105302894279	2.97105302894279	2.97105302894279	2.97105302894279	2.97105302894279	2.97105302894279	2.97105302894279
CRUK0134	4.69852427872074	5.0849047035738	4.12096781784515	5.21005221435019	3.99582030706876	4.69852427872074	4.98391363399721	4.38814439058642
CRUK0146	4.34236103056822	4.51708005615327	4.1506600307501	4.55124097103674	4.11649911586662	4.34236103056822	4.41398314607197	4.26783891049756
CRUK0196	3.97536133293466	4.02973388181762	3.9209887840517	4.04835772984577	3.90236493602355	3.97536133293466	4.01704701996341	3.93367564590591
CRUK0124	2.85367277295672	2.92147160946474	2.78587393644871	2.96990172289068	2.73744382302276	2.85367277295672	2.91672305849459	2.79062248741885
CRUK0199	2.83763480809528	2.83763480809528	2.83763480809528	2.83763480809528	2.83763480809528	2.83763480809528	2.83763480809528	2.83763480809528
CRUK0182	2.66371612714859	2.80554537887156	2.52188687542563	2.86560233244903	2.46182992184816	2.66371612714859	2.81171453395421	2.51571772034298
CRUK0183	3.28394325886845	3.28394325886845	3.28394325886845	3.28394325886845	3.28394325886845	3.28394325886845	3.28394325886845	3.28394325886845
CRUK0129	2.88649037617269	3.07694728265817	2.56323332484449	3.45314756120989	2.18703304629278	2.88649037617269	3.09388076910495	2.69631608779376
CRUK0157	2.66717206215085	3.17125901529992	2.23265039588225	3.2581769390343	2.14573247214787	2.66717206215085	3.1708452741713	2.23265039588225
CRUK0118	3.83145099799852	3.9493471039269	3.71355489207014	3.97344539477038	3.68945660122666	3.83145099799852	3.93755006103324	3.7253519349638
CRUK0142	3.5750674895593	3.65072218492482	3.49941279419378	3.69782461219641	3.45231036692219	3.5750674895593	3.60377551846264	3.54635946065595
CRUK0115	3.72976190425101	3.82179689359065	3.63772691491138	3.84036815532292	3.6191556531791	3.72976190425101	3.76939889402517	3.69012491447686
CRUK0178	2.42678621682397	2.98116854516093	1.72267887021041	3.1766622996104	1.52718511576094	2.42678621682397	2.83979831598669	1.75777957778675
CRUK0259	3.22829754675345	3.36547897676933	3.09111611673756	3.49566418446267	2.96093090904423	3.22829754675345	3.35415992320368	3.10243517030322
CRUK0270	3.33520334488461	3.80013927344683	2.92480852170956	4.04544445270558	2.6795033424508	3.33520334488461	3.73770704573774	2.97351191669399
CRUK0235	1.78994088082167	2.16328004049616	1.50799268551057	2.22866733272614	1.44260539328058	1.78994088082167	2.01602896283821	1.51798645750124
CRUK0296	4.07951497871781	4.1836807946085	3.97534916282711	4.19432105827888	3.96470889915673	4.07951497871781	4.17908209362495	3.97994786381066
CRUK0253	2.22525890903554	2.75278208582964	1.68606998098771	2.87761663962856	1.56123542718879	2.22525890903554	2.53307881841021	1.68837942911446
CRUK0290	3.03307108575337	3.45053846585611	2.61560370565063	3.63466394642844	2.4314782250783	3.03307108575337	3.42698724329899	2.63915492820775
CRUK0285	1.36440931736214	1.36440931736214	1.36440931736214	1.36440931736214	1.36440931736214	1.36440931736214	1.36440931736214	1.36440931736214
CRUK0272	3.12748476935088	3.63674782765007	2.70289108455068	3.75276309137643	2.58687582082433	3.12748476935088	3.53267834262553	2.79362834378672
CRUK0279	2.8172894684272	2.8172894684272	2.8172894684272	2.8172894684272	2.8172894684272	2.8172894684272	2.8172894684272	2.8172894684272
CRUK0223	3.65104868955184	4.8336145115338	2.58086192501746	5.14280464823826	2.271671788313	3.65104868955184	4.5795790518529	2.61413161372782
CRUK0293	3.76441147579343	4.1593005282035	3.36952242338336	4.25797093705471	3.27085201453215	3.76441147579343	4.16064948120203	3.36817347038483
CRUK0232	3.97822407085146	4.06275369477992	3.893694446923	4.14196946408631	3.8144786776166	3.97822407085146	4.06323021962737	3.89321792207555
CRUK0287	3.87153588955757	3.95257731624847	3.79049446286667	3.98193490182532	3.76113687728981	3.87153588955757	3.92458631778391	3.81848546133123
CRUK0271	4.35626446551182	4.7035290709094	4.07742943421255	4.79389913119389	3.98705937392805	4.35626446551182	4.56097366894567	4.13697700630199
CRUK0273	3.52766049055225	3.92081876717298	3.13450221393153	3.96719178767822	3.08812919342629	3.52766049055226	3.7679949657281	3.28732601537641
CRUK0276	3.65954619226868	3.80759913510809	3.55510022433577	3.94360315706535	3.41909620237851	3.65954619226868	3.68513185684235	3.64529666065847
CRUK0242	3.37725473396341	3.8270362869866	2.95356121104515	3.9224621625272	2.85813533550454	3.37725473396341	3.77319780719609	3.12913807830644
CRUK0245	3.69460526068855	3.75581657857887	3.63339394279822	3.82719408089849	3.5620164404786	3.69460526068855	3.70302241713324	3.68618810424385
CRUK0201	2.96759874842707	2.96759874842707	2.96759874842707	2.96759874842707	2.96759874842707	2.96759874842707	2.96759874842707	2.96759874842707
CRUK0206	3.95975996256595	4.32180223495076	3.65847791697111	4.44721142814499	3.53306872377687	3.95975996256595	4.18118009884153	3.71228794708097
CRUK0241	3.72312767228896	4.2612810089416	3.02748667652332	4.55680207394985	2.73196561151507	3.72312767228896	4.23098287590277	3.22622489696665
CRUK0297	1.88176337238517	1.88176337238517	1.88176337238517	1.88176337238517	1.88176337238517	1.88176337238517	1.88176337238517	1.88176337238517
CRUK0284	2.72422026060181	3.26565518035299	1.98581658784706	3.56797896544416	1.68349280275589	2.72422026060181	3.18497274876067	1.98234409083737
CRUK0233	3.4835898709265	3.6529091173524	3.31427062450059	3.67216137019084	3.29501837166215	3.4835898709265	3.59422789690622	3.37295184494677
CRUK0280	3.92639751350845	4.35968481851286	3.59517627296186	4.53816439557654	3.41669669589818	3.92639751350845	4.13285592027592	3.67074491578727
CRUK0247	2.61919837232618	2.679175258814	2.55922148583836	2.74314173667903	2.49525500797332	2.61919837232618	2.65636983910625	2.58202690554611
CRUK0213	3.16644645846938	3.16644645846938	3.16644645846938	3.16644645846938	3.16644645846938	3.16644645846938	3.16644645846938	3.16644645846938
CRUK0286	3.38362519470724	3.67155325587572	3.02802114820506	3.70565819265613	2.99391621142466	3.38362519470724	3.62343595548515	3.02723633403301
CRUK0256	4.19095333580482	4.19095333580482	4.19095333580482	4.19095333580482	4.19095333580482	4.19095333580482	4.19095333580482	4.19095333580482
CRUK0274	2.85496027808513	3.55173100868331	2.21354374526589	3.73443025999431	2.03084449395488	2.85496027808513	3.55022608111784	2.19950315555956
CRUK0244	4.35269950567376	4.35269950567376	4.35269950567376	4.35269950567376	4.35269950567376	4.35269950567376	4.35269950567376	4.35269950567376
CRUK0212	3.278765815524	3.278765815524	3.278765815524	3.278765815524	3.278765815524	3.278765815524	3.278765815524	3.278765815524
CRUK0299	4.08878721672305	4.49594821719687	3.68162621624924	4.70837092095504	3.46920351249107	4.08878721672305	4.16222882386053	4.01534560958558
CRUK0240	4.81671402493716	4.98129522902371	4.65213282085061	5.08357048043101	4.54985756944331	4.81671402493716	4.94032956862635	4.69309848124797
CRUK0392	2.88040125218667	3.68851990789538	2.33614566099832	3.83775399108939	2.18691157780431	2.88040125218667	3.68707488116408	2.36936765558
CRUK0381	3.79009618084595	4.94562368074301	2.99474928515031	5.27279696522958	2.66757600066374	3.79009618084595	4.70086145324186	2.99474928515031
CRUK0372	1.10756122566807	1.10756122566807	1.10756122566807	1.10756122566807	1.10756122566807	1.10756122566807	1.10756122566807	1.10756122566807
CRUK0361	3.68759933171423	4.57308293167155	2.87383398182658	4.76668894513769	2.68022796836044	3.68759933171423	4.58240275981066	2.87868811672462
CRUK0380	4.24787169186329	4.84888037633452	3.84424791230828	5.01600280782163	3.67712548082117	4.24787169186329	4.71166593655393	3.98587357357226
CRUK0329	3.37792217117829	3.80293422926313	2.95291011309345	3.94123638505968	2.81460795729689	3.37792217117829	3.83248658514846	2.92335775720811
CRUK0315	3.9613410782706	4.06363587101889	3.85904628552232	4.0779806317383	3.84470152480291	3.9613410782706	4.0363176489267	3.88636450761451
CRUK0352	3.94507186794914	4.16413339310528	3.72601034279299	4.3115423073655	3.57860142853278	3.94507186794914	4.15999204253891	3.73015169335936
CRUK0310	3.2472668596197	3.36096895894858	3.13356476029081	3.41439833379044	3.08013538544895	3.2472668596197	3.30329177374355	3.19124194549584
CRUK0371	4.27773299424565	4.34308539163845	4.21238059685285	4.35987815118359	4.19558783730771	4.27773299424565	4.27823377545029	4.277232213041
CRUK0331	3.33287016103596	4.05090963407544	2.81589772357629	4.35650344548088	2.51030391217084	3.33287016103596	4.0366445142347	2.87809311438344
CRUK0344	4.00969049888128	4.35732304717706	3.6620579505855	4.5605481232849	3.45883287447765	4.00969049888128	4.33879213257381	3.68058886518875
CRUK0313	1.66881114250952	1.66881114250952	1.66881114250952	1.66881114250952	1.66881114250952	1.66881114250952	1.66881114250952	1.66881114250952
CRUK0369	2.7959236832288	3.83328969332573	1.70718530534143	4.10790613937	1.43256885929715	2.7959236832288	3.81552410565974	1.86713495507307
CRUK0312	3.95519615990415	4.10624947912298	3.80414284068533	4.12906509991256	3.78132721989575	3.95519615990415	4.0366503681562	3.87374195165211
CRUK0328	4.07593868708448	4.07593868708448	4.07593868708448	4.07593868708448	4.07593868708448	4.07593868708448	4.07593868708448	4.07593868708448
CRUK0375	1.38317473613473	1.62468002626354	1.14166944600592	1.80201715822096	0.964332314048505	1.38317473613473	1.62211789321161	1.14423157905786
CRUK0388	3.07808653900774	3.75825109539944	2.43911793060939	3.9638758340015	2.23349319200734	3.07808653900774	3.75023202113356	2.59477130779241
CRUK0308	2.88015777074082	3.24146869054733	2.51884685093432	3.27869611246556	2.48161942901609	2.88015777074082	3.25843673943735	2.5018788020443
CRUK0370	2.78386572144517	2.9182866988991	2.64944474399125	2.94463079951034	2.62310064338001	2.78386572144517	2.85550657054178	2.71222487234857
CRUK0386	3.41827495668512	3.41827495668512	3.41827495668512	3.41827495668512	3.41827495668512	3.41827495668512	3.41827495668512	3.41827495668512
CRUK0322	2.88420209065979	3.50784146692538	2.0106981395431	3.68988614029718	1.8286534661713	2.88420209065979	3.50651325100633	2.01076146113112
CRUK0316	3.55460163540028	3.78854572832452	3.36365564894338	3.85584993505057	3.29635144221733	3.55460163540028	3.79108822853837	3.35289064244282
CRUK0301	2.64028922926648	2.64028922926648	2.64028922926648	2.64028922926648	2.64028922926648	2.64028922926648	2.64028922926648	2.64028922926648
CRUK0333	2.69486169446198	2.93598843370901	2.4165163959968	3.11386488886875	2.23863994083706	2.69486169446198	2.93516155402051	2.4081694862846
CRUK0379	2.77715716998824	3.66404763367383	1.87287265304403	4.0330489563222	1.50387133039566	2.77715716998824	3.42012691624628	1.92493686983621
CRUK0377	2.20782201165878	2.20782201165878	2.20782201165878	2.20782201165878	2.20782201165878	2.20782201165878	2.20782201165878	2.20782201165878
CRUK0394	3.43838122107507	3.6088493247243	3.28487099181668	3.73820689968313	3.15551341685786	3.43838122107507	3.64921553142527	3.32957775064166
CRUK0393	3.25611741830418	3.77546230030833	2.46820040276995	3.92239386838703	2.32126883469125	3.25611741830418	3.74669510111747	2.46633805062051
CRUK0368	2.76252242927348	2.91178994447526	2.61325491407169	2.9430418157388	2.58200304280816	2.76252242927348	2.90721414828926	2.61783071025769
CRUK0319	2.27343722927333	2.27343722927333	2.27343722927333	2.27343722927333	2.27343722927333	2.27343722927333	2.27343722927333	2.27343722927333
CRUK0318	3.06239416983215	3.06239416983215	3.06239416983215	3.06239416983215	3.06239416983215	3.06239416983215	3.06239416983215	3.06239416983215
CRUK0396	4.00914419668909	4.15049779470337	3.86779059867482	4.20686050856498	3.81142788481321	4.00914419668909	4.13414624699162	3.88414214638656
CRUK0303	2.48265111450596	2.72971257798435	2.23558965102758	2.83622969427252	2.1290725347394	2.48265111450596	2.7009322351309	2.26436999388103
CRUK0350	3.24051111498269	3.28755421719915	3.19346801276624	3.30918017199336	3.17184205797202	3.24051111498269	3.27324789181186	3.20777433815353
CRUK0334	2.72139163572447	2.72139163572447	2.72139163572447	2.72139163572447	2.72139163572447	2.72139163572447	2.72139163572447	2.72139163572447
CRUK0384	4.37909414963624	4.56990043495557	4.18828786431691	4.67292001828617	4.0852682809863	4.37909414963624	4.56844981240503	4.18973848686744
CRUK0337	3.05537830658713	3.05537830658713	3.05537830658713	3.05537830658713	3.05537830658713	3.05537830658713	3.05537830658713	3.05537830658713
CRUK0373	3.68774391053411	3.68774391053411	3.68774391053411	3.68774391053411	3.68774391053411	3.68774391053411	3.68774391053411	3.68774391053411
CRUK0359	2.93291101596934	3.11735786559035	2.74846416634833	3.19412132764396	2.67170070429472	2.93291101596934	3.11107604963894	2.75474598229974
CRUK0343	3.09179332076626	3.51527082385617	2.43365050594212	3.71524369011688	2.23367763968141	3.09179332076626	3.46244405099218	2.43365050594212
CRUK0321	2.39409101472199	2.53420779813724	2.25397423130673	2.55617662457374	2.23200540487023	2.39409101472198	2.50844908068627	2.2797329487577
CRUK0385	4.01739365694598	4.42551299338672	3.65714309636621	4.54651436708139	3.53614172267154	4.01739365694598	4.3674494739408	3.68884156178914
CRUK0311	2.33393894646684	3.0867772774926	1.52748285071285	3.30325432449245	1.311005803713	2.33393894646684	3.020478200444	1.52228997301155
CRUK0460	2.92857856709988	3.30456713452553	2.65147081204654	3.44847020909168	2.5075677374804	2.92857856709988	3.29849226244642	2.66958518513045
CRUK0492	2.39434871895654	2.39434871895654	2.39434871895654	2.39434871895654	2.39434871895654	2.39434871895654	2.39434871895654	2.39434871895654
CRUK0487	4.02718827864745	4.6049504979814	3.24767465408704	4.74045914243162	3.11216600963682	4.02718827864745	4.37972428925282	3.26853703225252
CRUK0495	3.81061120638247	4.30405287101638	3.52698889458206	4.48262672432334	3.34841504127509	3.81061120638247	4.11055835417909	3.61597584234799
CRUK0408	3.8968088650355	3.8968088650355	3.8968088650355	3.8968088650355	3.8968088650355	3.8968088650355	3.8968088650355	3.8968088650355
CRUK0497	4.15462542647666	4.445437895889	3.84815353467731	4.588558344629	3.70503308593731	4.15462542647667	4.18400019841835	4.11033425948055
CRUK0422	3.09280074583017	3.21815270934698	2.96744878231337	3.29954175844218	2.88605973321817	3.09280074583018	3.22730267761313	2.95829881404722
CRUK0410	3.89487280151321	4.52390116189359	3.21936213213772	4.76711292669625	2.97615036733506	3.89487280151321	4.54833184992603	3.22196215232119
CRUK0412	3.81687320474209	4.04569469886535	3.46613655359302	4.16144926132021	3.35038199113816	3.81687320474209	4.01593440006997	3.47234162020195
CRUK0420	2.98408236038127	3.53333917246548	2.43482554829706	3.63270325307948	2.33546146768305	2.98408236038127	3.53419392604976	2.43397079471278
CRUK0488	4.25029379819387	4.25029379819387	4.25029379819387	4.25029379819387	4.25029379819387	4.25029379819387	4.25029379819387	4.25029379819387
CRUK0401	2.11012987338734	2.30402308812665	1.91623665864803	2.34507531921269	1.87518442756199	2.11012987338734	2.29898131196061	1.92127843481407
CRUK0448	4.23122728119239	4.30978783802342	4.07413710063433	4.47816968483888	3.90575525381888	4.23122728119239	4.30817601051306	4.17887861258388
CRUK0496	4.33178745389448	4.80835739902498	3.6596076820054	5.1043855062508	3.36357957477957	4.33178745389448	4.78284191834396	3.65507122250886
CRUK0452	3.49964998577643	4.05823325815747	3.18072681823403	4.22577793988909	3.01318213650241	3.49964998577643	4.03991055862219	3.20769337199525
CRUK0472	4.06292225218683	4.2688260324524	3.81757129059062	4.33437397036661	3.75202335267642	4.06292225218683	4.19141963907398	3.90852837790092
CRUK0434	3.6245413584627	3.89310442508555	3.41261127167579	4.04375674766754	3.26195894909381	3.6245413584627	3.84447048157812	3.49099629958881
CRUK0431	3.52538141430313	3.61656823866322	3.43419458994304	3.64787403336396	3.4028887952423	3.52538141430313	3.54038458568347	3.51037824292279
CRUK0451	3.23801163298647	3.53429009956841	2.84704163918546	3.57323920137603	2.80809253737785	3.23801163298647	3.44423899817072	3.11013396615938
CRUK0447	4.19825399086256	4.19825399086256	4.19825399086256	4.19825399086256	4.19825399086256	4.19825399086256	4.19825399086256	4.19825399086256
CRUK0404	2.67459178509605	2.94679078440077	2.40239278579133	3.10278883737155	2.24639473282055	2.67459178509605	2.98122764011104	2.36795593008106
CRUK0463	4.34738599205168	4.46670366333771	4.22806832076565	4.51306090952046	4.1817110745829	4.34738599205168	4.45817659267932	4.23659539142404
CRUK0419	3.70014233313248	3.70014233313248	3.70014233313248	3.70014233313248	3.70014233313248	3.70014233313248	3.70014233313248	3.70014233313248
CRUK0484	3.6961941100139	4.60785124287539	2.6235314286288	4.83256792695206	2.39881474455213	3.69619411001391	4.53141355222854	2.7672805370896
CRUK0450	2.12937790072986	2.39225843390932	1.8664973675504	2.42118132848139	1.83757447297832	2.12937790072986	2.2805342635505	1.97822153790921
CRUK0403	2.6058773768633	3.16836204386793	2.00072300665739	3.26239468918441	1.90669036134091	2.6058773768633	3.16950147144936	2.05057887033709
CRUK0467	3.69636148496629	3.69636148496629	3.69636148496629	3.69636148496629	3.69636148496629	3.69636148496629	3.69636148496629	3.69636148496629
CRUK0485	1.97085093804321	2.29659260920734	1.68503336222902	2.36193656774424	1.61968940369212	1.97085093804321	2.28903953801322	1.70983904680793
CRUK0416	2.7906839708881	2.96244668618971	2.50342165017224	3.02335198159354	2.4425163547684	2.7906839708881	2.9475221401604	2.51689166902095
CRUK0462	1.93416675078673	2.20465345949449	1.55670319246912	2.26840960226511	1.49294704969851	1.93416675078673	2.18652894934616	1.57634490220552
CRUK0476	3.24075050069501	3.71460703031949	2.65929855257869	3.90436975340981	2.46953582948837	3.24075050069501	3.63861562210604	2.97823064832817
CRUK0418	2.73789947807054	2.73789947807054	2.73789947807054	2.73789947807054	2.73789947807054	2.73789947807054	2.73789947807054	2.73789947807054
CRUK0465	2.88478277008495	2.88478277008495	2.88478277008495	2.88478277008495	2.88478277008495	2.88478277008495	2.88478277008495	2.88478277008495
CRUK0406	3.39321052255659	3.55961843681441	3.27638369568143	3.66628581215221	3.16971632034363	3.39321052255659	3.46068215209547	3.26631496949111
CRUK0423	3.68572856557068	4.13681123962078	3.26122491178252	4.20857645453328	3.18945969687001	3.68572856557068	3.94709248465993	3.38588140056919
CRUK0478	3.76697393854024	3.9023468195937	3.63160105748678	3.95767302471837	3.57627485236211	3.76697393854024	3.84553642471765	3.68841145236283
CRUK0453	2.62867043579728	2.62867043579728	2.62867043579728	2.62867043579728	2.62867043579728	2.62867043579728	2.62867043579728	2.62867043579728
CRUK0444	3.7483883363232	4.15265928423771	3.34411738840869	4.26500979461159	3.23176687803481	3.7483883363232	4.16291366354984	3.33386300909657
CRUK0594	4.62531584428135	4.62531584428135	4.62531584428135	4.62531584428135	4.62531584428135	4.62531584428135	4.62531584428135	4.62531584428135
CRUK0542	2.91441411255831	3.19700851713543	2.63181970798119	3.25804952057025	2.57077870454637	2.91441411255831	3.04501778096274	2.78381044415388
CRUK0573	3.67680552352574	3.77815417110879	3.53106555523128	3.88864650704985	3.42057321929022	3.67680552352574	3.76833273861563	3.55520288244244
CRUK0579	3.61733284336625	4.30630891727514	3.13635452803802	4.46543046818866	2.97723297712451	3.61733284336625	4.30182526275726	3.16213786280499
CRUK0514	3.65932594074519	3.87320882806384	3.44544305342655	3.99587963040245	3.32277225108794	3.65932594074519	3.87499110875766	3.44366077273273
CRUK0584	3.80563568019425	3.84829957253791	3.76297178785058	3.95072018434297	3.66055117604553	3.80563568019425	3.83292001989003	3.77835134049846
CRUK0510	3.63478627172983	4.36414100898926	2.96565245617931	4.62234712870352	2.70744633646506	3.63478627172983	4.30459273836482	2.98305951720353
CRUK0525	3.94976930616423	4.37797342827923	3.52156518404923	4.46166686142681	3.43787175090164	3.94976930616423	4.36394664007353	3.53559197225493
CRUK0598	3.28450944597665	3.28450944597665	3.28450944597665	3.28450944597665	3.28450944597665	3.28450944597665	3.28450944597665	3.28450944597665
CRUK0563	2.19473033927413	3.02467183873274	1.44440944552821	3.28801744185974	1.18106384240121	2.19473033927413	2.62677846731621	1.45899002303435
CRUK0566	4.7098657166042	4.88220108985792	4.53753034335048	5.05910305125967	4.36062838194873	4.7098657166042	4.90028257819579	4.51944885501261
CRUK0541	4.42738642136012	4.46694072371111	4.38783211900914	4.51096111523087	4.34381172748937	4.42738642136012	4.46726490770612	4.38750793501413
CRUK0597	3.98405356015804	4.29419901770309	3.67390810261299	4.65523924334916	3.31286787696692	3.98405356015804	4.30778770544393	3.66031941487215
CRUK0592	3.77617985957691	3.98863403544161	3.56278028067639	4.03241674418014	3.51899757193786	3.77617985957691	3.8610269418154	3.69841331690214
CRUK0535	2.51381871260855	3.85875479006662	1.15775093283259	4.26850136130182	0.748004361597383	2.51381871260855	3.87024620107648	1.15899217176194
CRUK0565	2.79277473588061	3.03284903847635	2.32711185794526	3.2524451855891	2.10751571083251	2.79277473588061	2.96794268160504	2.3469581560006
CRUK0578	3.28659642682106	3.28659642682106	3.28659642682106	3.28659642682106	3.28659642682106	3.28659642682106	3.28659642682106	3.28659642682106
CRUK0590	3.44091184504813	3.85296752140683	2.76864268284456	3.99036354521252	2.63124665903888	3.44091184504813	3.75077191667608	2.76579650609878
CRUK0519	3.26397661897312	3.79432041077966	2.86724338060018	4.05180197223117	2.60976181914867	3.26397661897312	3.81541253306219	2.9841781788581
CRUK0557	2.70136125510764	3.33396546156859	2.2487892147982	3.49347137523968	2.08928330112711	2.70136125510764	3.33640157531265	2.29945245625144
CRUK0533	2.91285664140664	3.1932915302933	2.47766113632819	3.29839517099675	2.37255749562474	2.91285664140664	3.1592102225122	2.44582933494859
CRUK0527	2.11080883492087	2.54964506195004	1.59893114175017	2.71289379142475	1.43568241227546	2.11080883492087	2.60138648288848	1.64681557367188
CRUK0505	4.08460148695255	4.37082694982112	3.79837602408397	4.50186969049323	3.66733328341187	4.08460148695255	4.2448327251529	3.9243702487522
CRUK0581	2.85417778769004	2.91124163254453	2.79711394283554	2.92022005815211	2.78813551722796	2.85417778769004	2.88725543895503	2.82110013642505
CRUK0537	2.59763055901063	3.26617498102181	1.92908613699945	3.55912270111536	1.63613841690589	2.59763055901063	3.26739906797687	1.92786205004438
CRUK0556	2.54201859535459	2.54201859535459	2.54201859535459	2.54201859535459	2.54201859535459	2.54201859535459	2.54201859535459	2.54201859535459
CRUK0555	2.96607390854654	3.58352537474299	2.34862244235009	3.62100850640134	2.31113931069173	2.96607390854654	3.58276310692634	2.34938471016674
CRUK0586	3.17690829373783	3.58214377923492	2.77167280824073	3.66518100978999	2.68863557768566	3.17690829373783	3.24009753449469	3.11371905298097
CRUK0530	1.67044928608994	2.07881749891512	1.26208107326476	2.13765316221265	1.20324540996722	1.67044928608994	2.07881749891512	1.26208107326476
CRUK0582	2.08695548166835	2.08695548166835	2.08695548166835	2.08695548166835	2.08695548166835	2.08695548166835	2.08695548166835	2.08695548166835
CRUK0549	3.28764622293753	3.97687805810759	2.74191352870152	4.17825427495696	2.54053731185215	3.28764622293753	3.97882848152186	2.74930852832261
CRUK0503	3.40465295877085	3.40465295877085	3.40465295877085	3.40465295877085	3.40465295877085	3.40465295877085	3.40465295877085	3.40465295877085
CRUK0550	3.68777975893177	3.81815653956112	3.55740297830243	3.85252044647925	3.5230390713843	3.68777975893177	3.73652850710429	3.63903101075926
CRUK0528	3.35508778519048	3.70487302481664	2.94892103983422	3.77935663596839	2.87443742868248	3.35508778519048	3.59069627186127	2.9534356185348
CRUK0559	2.48196816366641	2.53684271302097	2.42709361431185	2.57118748607217	2.39274884126065	2.48196816366641	2.54567271203237	2.41826361530045
CRUK0516	2.43443824164367	2.8993531314305	1.90602720269964	3.10565637326931	1.69972396086082	2.43443824164367	2.50561898501667	2.32450429894481
CRUK0540	3.06823690242851	3.06823690242851	3.06823690242851	3.06823690242851	3.06823690242851	3.06823690242851	3.06823690242851	3.06823690242851
CRUK0570	3.07849825442462	3.3296890838022	2.82730742504704	3.40425858438216	2.75273792446708	3.07849825442462	3.33206882321123	2.824927685638
CRUK0596	3.46191965810981	4.21899346082318	2.78430016783609	4.62086369526818	2.38242993339109	3.46191965810981	4.13605052847807	2.86253754528196
CRUK0513	3.41709708543587	3.81012039105692	3.11860283191824	3.90278469235465	3.02593853062051	3.41709708543587	3.68052099857934	3.18944253108368
CRUK0504	3.46451579646643	3.50420156217051	3.42483003076236	3.54249352862954	3.38653806430333	3.46451579646643	3.51712249376707	3.4119090991658
CRUK0569	3.456213741162	3.456213741162	3.456213741162	3.456213741162	3.456213741162	3.456213741162	3.456213741162	3.456213741162
CRUK0548	3.35469865923779	3.45892792646065	3.25046939201492	3.48225168412916	3.22714563434642	3.35469865923779	3.45474714753251	3.25465017094307
CRUK0521	2.57319597546274	2.57319597546274	2.57319597546274	2.57319597546274	2.57319597546274	2.57319597546274	2.57319597546274	2.57319597546274
CRUK0512	4.20248808258081	4.36026792898237	4.04470823617925	4.38291740171388	4.02205876344774	4.20248808258081	4.24997214812197	4.15500401703964
CRUK0589	3.38086852594622	3.60477294457489	3.15696410731756	3.7823177244583	2.97941932743414	3.38086852594622	3.60453726033884	3.1571997915536
CRUK0543	2.49368674004608	2.72816129542121	2.22641622263286	2.82460503794092	2.12997248011315	2.49368674004608	2.68358452430748	2.3765916937391
CRUK0520	2.65503278145533	2.79934663855177	2.5107189243589	2.83578721318394	2.47427834972673	2.65503278145533	2.72341101329901	2.58665454961166
CRUK0553	3.36182852634157	3.5802465074222	3.14341054526093	3.67305933278696	3.05059771989617	3.36182852634157	3.57350870402358	3.15014834865955
CRUK0518	2.84978645005174	2.94287409966133	2.75669880044214	2.99774866823619	2.70182423186729	2.84978645005174	2.91807009490159	2.78150280520189
CRUK0524	2.91445395875265	3.27176205964256	2.55714585786273	3.33069803479648	2.49820988270882	2.91445395875265	3.30763523233997	2.52127268516533
CRUK0567	2.37334586513245	3.01442325397874	1.68402984099152	3.23668822170286	1.4617648732674	2.37334586513245	3.00248876833684	1.68359779400499
CRUK0511	2.84977045835876	2.84977045835876	2.84977045835876	2.84977045835876	2.84977045835876	2.84977045835876	2.84977045835876	2.84977045835876
CRUK0552	3.54152407852641	3.79212317185346	3.334513199562	3.87380813633127	3.2528282350842	3.54152407852641	3.76272256484111	3.38217991851429
CRUK0684	2.67264808334704	2.70627118468918	2.6390249820049	2.80817908248411	2.53711708420997	2.67264808334704	2.69958847182678	2.6457076948673
CRUK0610	1.72003288764708	1.99773448923215	1.39578985980107	2.10769480080006	1.28582954823316	1.72003288764708	1.99773448923215	1.40605472448175
CRUK0692	2.90357149859116	2.95180711896093	2.85533587822138	3.18725007140274	2.61989292577957	2.90357149859116	3.14032831149729	2.66681468568503
CRUK0681	4.0004478088898	4.56947984256215	3.56153007468193	4.67575166774936	3.45525824949471	4.0004478088898	4.48132731786289	3.59066949074471
CRUK0620	3.23033079992766	3.93246308342225	2.52187348314599	4.137570658933	2.31676590763523	3.23033079992766	3.83631914711751	2.44250492174489
CRUK0667	2.73030349097776	3.13593154285742	2.32907678023708	3.22698411540479	2.23802420768972	2.73030349097776	2.90598258593172	2.35135865900101
CRUK0686	2.87898728451205	3.03093615408049	2.72703841494361	3.10081618613338	2.65715838289073	2.87898728451205	3.03103080785087	2.72694376117323
CRUK0666	2.9827693746523	3.24242639387273	2.66804288220735	3.31217567604006	2.59829360004002	2.98276937465231	3.18807807251145	2.74259434057017
CRUK0625	2.79716325716539	2.78982543374375	2.80450108058703	2.9239421774351	2.67038433689568	2.79716325716539	2.79982434785955	2.79450216647123
CRUK0696	3.29418182457046	3.40619916209506	3.12283394142456	3.53121126887703	2.99782183464259	3.29418182457046	3.36419597309703	3.21580780589807
CRUK0691	2.16638974975982	2.16638974975982	2.16638974975982	2.16638974975982	2.16638974975982	2.16638974975982	2.16638974975982	2.16638974975982
CRUK0638	4.05854511479229	4.05854511479229	4.05854511479229	4.05854511479229	4.05854511479229	4.05854511479229	4.05854511479229	4.05854511479229
CRUK0674	2.75935050869904	3.32320559981886	1.9099538533037	3.54375309486508	1.68940635825747	2.75935050869904	3.22298214365534	1.91991134148226
CRUK0693	3.78637560748767	4.07473118283459	3.55737373530447	4.15884340230065	3.47326151583842	3.78637560748767	4.01571121608563	3.59621299573065
CRUK0628	2.7454285351215	2.7454285351215	2.7454285351215	2.7454285351215	2.7454285351215	2.7454285351215	2.7454285351215	2.7454285351215
CRUK0682	3.65496305536853	3.84003215157979	3.52089951245653	3.88512469429308	3.47580696974324	3.65496305536853	3.83381194666813	3.51475402693216
CRUK0609	3.2110578905452	3.36598383718987	3.05613194390054	3.39606402769974	3.02605175339067	3.2110578905452	3.3372490924892	3.0848666886012
CRUK0606	3.33467379859811	3.78492178021483	3.01112141778627	4.07779958081639	2.7182436171847	3.33467379859811	3.5707063185314	3.1322852185659
CRUK0678	3.11275748766263	3.21886055736406	3.0066544179612	3.26809811043049	2.95741686489477	3.11275748766263	3.11606698992536	3.1094479853999
CRUK0640	2.64724737847096	3.63030054432727	1.84604782028461	3.76473075352079	1.71161761109109	2.64724737847096	3.6337231731317	2.06828517431653
CRUK0644	3.4653194665358	3.83291603548738	2.83830258471122	3.93396256864778	2.73725605155082	3.4653194665358	3.80650556920688	2.84258955452558
CRUK0650	3.07469147796616	3.29384978767952	2.8555331682528	3.45022043515846	2.69916252077386	3.07469147796616	3.29051798088217	2.85886497505015
CRUK0607	3.60450659863567	3.73120996895887	3.46592980251085	3.86685494394008	3.33028482752964	3.60450659863567	3.65276440030637	3.54306986969458
CRUK0680	3.01186834526488	3.33123274279958	2.67367711086247	3.42173729982486	2.58317255383719	3.01186834526488	3.32847641928465	2.64935784726579
CRUK0617	4.3523194041689	4.62157299134239	4.11997600066622	4.72013758689595	4.02141140511267	4.3523194041689	4.52865357075015	4.20071886883546
CRUK0616	3.76959603869712	4.06022937358087	3.47896270381338	4.08557388465884	3.4536181927354	3.76959603869712	3.79924673131982	3.73994534607443
CRUK0649	3.57388739897603	3.6924357666567	3.45533903129535	3.71198241527495	3.4357923826771	3.57388739897603	3.6565725586649	3.49120223928715
CRUK0634	4.09393161340246	4.09393161340246	4.09393161340246	4.09393161340246	4.09393161340246	4.09393161340246	4.09393161340246	4.09393161340246
CRUK0679	3.37148251784843	3.58812351818889	3.15484151750797	3.65896496613891	3.08400006955795	3.37148251784843	3.5897870070227	3.15317802867416
CRUK0698	2.38825861904439	2.91394797822742	2.02498465974869	3.08377899318507	1.85515364479104	2.38825861904439	2.91658522400897	2.08489841728338
CRUK0709	3.23090904978541	3.29003011749956	3.17178798207125	3.34205650119349	3.11976159837732	3.23090904978541	3.29003011749956	3.17178798207125
CRUK0768	3.6634260628686	3.8514244453479	3.47542768038929	3.92814991388343	3.39870221185376	3.6634260628686	3.75602959724544	3.57082252849175
CRUK0784	2.67754253470367	3.22084254830047	2.21901538244022	3.46561232052294	1.97424561021776	2.67754253470367	3.25042044913989	2.38122506311391
CRUK0742	3.02103229890836	3.09884326240325	2.94322133541347	3.14829087524701	2.89377372256971	3.02103229890836	3.06417646782579	2.97788812999093
CRUK0781	2.36010638340585	2.70705943956276	2.01315332724895	2.7594790761363	1.96073369067541	2.36010638340585	2.70828352651783	2.01192924029388
CRUK0731	3.98216742072052	4.11297878700277	3.85135605443828	4.15105442224852	3.81328041919252	3.98216742072052	4.09071232899857	3.87362251244248
CRUK0710	2.64755649501415	2.79111646413475	2.50399652589355	2.86270908085989	2.43240390916842	2.64755649501415	2.71644221672036	2.57867077330795
CRUK0721	3.00383879110107	3.66634994126539	2.34132764093675	3.7570156331649	2.25066194903724	3.00383879110107	3.67118573217361	2.33649185002853
CRUK0775	3.29421959110714	3.41955341347082	3.16888576874346	3.43945307182764	3.14898611038664	3.29421959110714	3.37441507591922	3.21402410629506
CRUK0799	2.24001228474029	2.5629733972048	1.91705117227578	2.66547152299318	1.8145530464874	2.24001228474029	2.56956655641121	1.91045801306937
CRUK0730	4.32708645146017	4.32708645146017	4.32708645146017	4.32708645146017	4.32708645146017	4.32708645146017	4.32708645146017	4.32708645146017
CRUK0706	3.91205705239713	4.15932590746993	3.58599255657143	4.3138098988067	3.43150856523466	3.91205705239713	4.10780758468106	3.61766783380533
CRUK0787	3.31254212632284	3.42063764439807	3.20444660824762	3.43886945553444	3.18621479711124	3.31254212632284	3.41261580013956	3.21246845250612
CRUK0748	4.21669438020042	4.53239932557326	3.79058409288	4.7854243010214	3.53755911743186	4.21669438020042	4.39024074375049	3.83104370565975
CRUK0707	3.39375356828448	3.57821206610677	3.20929507046219	3.6173230748989	3.17018406167006	3.39375356828448	3.5895650023612	3.19794213420775
CRUK0749	4.505670172107	4.72940942339774	4.2672853203628	4.85181619186953	4.14487855189102	4.505670172107	4.56534684614874	4.42932225938729
CRUK0735	2.83987466001157	2.83987466001157	2.83987466001157	2.83987466001157	2.83987466001157	2.83987466001157	2.83987466001157	2.83987466001157
CRUK0761	3.32379323857464	3.58775996845096	3.05982650869832	3.71865880261542	2.92892767453387	3.32379323857464	3.58775996845096	3.05982650869832
CRUK0717	2.64205387864461	3.10459258245438	2.22118978305017	3.19899019513548	2.12679217036906	2.64205387864461	2.97561660583873	2.39016902129812
CRUK0736	3.05882121514367	3.05882121514367	3.05882121514367	3.05882121514367	3.05882121514367	3.05882121514367	3.05882121514367	3.05882121514367
CRUK0737	3.03232034777523	3.63986591002019	2.42477478553026	3.83817381417037	2.22646688138009	3.03232034777523	3.64108999697526	2.42355069857519
CRUK0702	3.48084191182439	3.95191044501219	3.00341877371844	4.14091221434291	2.81441700438772	3.48084191182439	3.72953716552459	3.0438349967226
CRUK0766	3.1980266468005	3.40550748892253	2.99054580467847	3.4336139021175	2.96243939148351	3.1980266468005	3.39200038877506	3.00405290482594
CRUK0734	3.90682203580834	4.59546125939078	3.2181828122259	4.74557272126753	3.06807135034915	3.90682203580834	4.60358787098656	3.21005620063012
CRUK0772	4.20291338043961	4.20291338043961	4.20291338043961	4.20291338043961	4.20291338043961	4.20291338043961	4.20291338043961	4.20291338043961
CRUK0769	3.1873943376591	3.42744038792375	2.94734828739445	3.47998681006843	2.89480186524977	3.1873943376591	3.19406254328661	3.1807261320316
CRUK0756	2.78135247367286	2.81479315599988	2.74791179134584	2.86220436815768	2.70050057918805	2.78135247367286	2.83460690433102	2.7280980430147
CRUK0794	2.78571117089091	3.25671394572833	2.31470839605348	3.41976197244002	2.1516603693418	2.78571117089091	3.2596297186098	2.31179262317201
CRUK0755	3.15877577831423	3.15877577831423	3.15877577831423	3.15877577831423	3.15877577831423	3.15877577831423	3.15877577831423	3.15877577831423
CRUK0729	3.81977000208099	3.94652417688551	3.6800957081741	4.00413663969831	3.62248324536129	3.81977000208099	3.88596277429209	3.76769352933521
CRUK0714	3.91253705369944	4.39530976153609	3.42357539405459	4.54532454434185	3.27356061124882	3.91253705369944	4.26578483713164	3.47041239462187
CRUK0738	2.80184931794242	3.00039806894557	2.52411796444134	3.06554670406207	2.45896932932484	2.80184931794242	3.01088068065636	2.51511607637516
CRUK0733	3.51761662134883	3.53020064442312	3.50503259827453	3.66698844946776	3.36824479322989	3.51761662134883	3.54018682338707	3.49504641931058
CRUK0722	2.61095078654615	2.61095078654615	2.61095078654615	2.61095078654615	2.61095078654615	2.61095078654615	2.61095078654615	2.61095078654615
CRUK0771	3.27134785004719	3.69729604775221	2.7219082258032	3.80317816353288	2.61602611002253	3.27134785004719	3.60429358738045	2.73352016102728
CRUK0719	2.05255525678114	2.05255525678114	2.05255525678114	2.05255525678114	2.05255525678114	2.05255525678114	2.05255525678114	2.05255525678114
CRUK0718	2.80484672564886	2.81793619935928	2.79175725193844	3.02636859763026	2.58332485366746	2.80484672564886	2.95853171380752	2.65116173749021
CRUK0764	2.98597158716672	3.28181262061553	2.69013055371792	3.3808481972618	2.59109497707165	2.98597158716672	3.27864585244042	2.69329732189303
CRUK0704	2.52206774353835	3.09199544174075	1.53374784842108	3.30866431344546	1.31707897671638	2.52206774353835	2.87813014376327	1.58365229572945
CRUK0745	2.9456029774013	3.10502975603254	2.78617619877006	3.19415060668441	2.69705534811818	2.9456029774013	3.01226900638268	2.87893694841992
CRUK0861	3.43396011438378	3.6478342130765	3.22008601569105	3.7212253196653	3.14669490910226	3.43396011438378	3.64777089148848	3.22014933727907
CRUK0893	3.49247265313674	3.49247265313674	3.49247265313674	3.49247265313674	3.49247265313674	3.49247265313674	3.49247265313674	3.49247265313674
CRUK0872	3.73868062976962	3.968294249065	3.50906701047425	4.0247185517708	3.45264270776845	3.73868062976962	3.96883035650099	3.50853090303826
CRUK0817	3.32136665784218	3.68838795961342	3.07347041712728	3.87633775356277	2.88552062317793	3.32136665784218	3.48342770757535	3.2156204842871
CRUK0810	2.38376630930042	3.13083693712529	1.38154477831332	3.3728547437006	1.13952697173802	2.38376630930042	2.99413184717614	1.43063888635272
