m1.s.avg	m1.s.max	m1.s.min	m1.s.adj	m1.s.rev	m2.s.avg	m2.s.max	m2.s.min
CRUK0002	1.96955033188554	1.96955033188554	1.96955033188554	1.96955033188554	1.96955033188554	1.96955033188554	1.96955033188554	1.96955033188554
CRUK0004	1.73823429052835	1.8854271777486	1.44382399154101	2.90138915585842	0.427862013431186	1.73823429052835	1.92036083297083	1.41464392943642
CRUK0005	2.39798582745523	2.72006056503306	2.02794165680835	5.41972832402091	-0.6717261021795	2.39798582745523	2.71555918105646	2.05349200773349
CRUK0009	3.88383937639922	3.88383937639922	3.88383937639922	3.88383937639922	3.88383937639922	3.88383937639922	3.88383937639922	3.88383937639922
CRUK0010	2.00369692046715	2.00369692046715	2.00369692046715	2.00369692046715	2.00369692046715	2.00369692046715	2.00369692046715	2.00369692046715
CRUK0012	1.14951848712104	1.14951848712104	1.14951848712104	1.14951848712104	1.14951848712104	1.14951848712104	1.14951848712104	1.14951848712104
CRUK0013	3.4428679766513	3.70368524197929	3.25926674606455	6.47065812113157	0.492293866912265	3.4428679766513	3.73530666965392	3.25926674606455
CRUK0014	1.83723307528539	1.83723307528539	1.83723307528539	1.83723307528539	1.83723307528539	1.83723307528539	1.83723307528539	1.83723307528539
CRUK0017	2.35245268681178	2.59723311308385	1.88787149673892	5.01111217319697	-0.526007563374198	2.35245268681178	2.59723311308385	2.01804211488588
CRUK0018	1.51556434139201	1.71525794721651	1.08883916487245	4.79622430274519	-1.99212719065623	1.51556434139201	1.77417980535504	1.02933578461126
CRUK0019	1.23696522762992	1.23696522762992	1.23696522762992	1.23696522762992	1.23696522762992	1.23696522762992	1.23696522762992	1.23696522762992
CRUK0020	2.63944414417197	2.79889570307808	2.47999258526586	4.01873038071585	1.26015790762809	2.63944414417197	2.80803475997569	2.47085352836825
CRUK0021	4.421774583274	4.48279466475195	4.36075450179606	5.20706371641153	3.63648545013648	4.421774583274	4.63708582117834	4.20646334536967
CRUK0023	2.18016343927808	2.07464160280872	2.28568527574745	3.31557466414766	1.04475221440851	2.18016343927809	2.25312393189383	2.10720294666234
CRUK0024	2.64240094151968	2.94833619431893	2.45538550284924	4.26954203157703	1.13417966559114	2.64240094151968	2.92247253170228	2.37718809298009
CRUK0025	2.1410170003264	2.20323909960865	2.07879490104414	2.79839818796718	1.48363581268562	2.1410170003264	2.15886624218339	2.1231677584694
CRUK0026	2.10284028797454	2.10284028797454	2.10284028797454	2.10284028797454	2.10284028797454	2.10284028797454	2.10284028797454	2.10284028797454
CRUK0027	2.43909033298589	2.90765952693961	1.97052113903218	4.88327495804023	-0.00509429206844314	2.43909033298589	2.88313742580594	1.99504324016585
CRUK0028	1.25721819507437	1.25721819507437	1.25721819507437	1.25721819507437	1.25721819507437	1.25721819507437	1.25721819507437	1.25721819507437
CRUK0029	4.06027197106622	4.32867367690638	3.6917559470962	7.56939945897318	0.451030165029408	4.06027197106622	4.32867367690638	3.38769236507314
CRUK0030	3.06177986372471	3.47249942305306	2.65106030439635	4.62618699215167	1.49737273529775	3.06177986372471	3.46406163073588	2.65949809671354
CRUK0031	2.7679321181183	2.7679321181183	2.7679321181183	2.7679321181183	2.7679321181183	2.7679321181183	2.7679321181183	2.7679321181183
CRUK0032	1.40694324312674	1.40694324312674	1.40694324312674	1.40694324312674	1.40694324312674	1.40694324312674	1.40694324312674	1.40694324312674
CRUK0033	1.3602168090299	1.26043048973084	1.46000312832897	2.02947312415089	0.690960493908917	1.3602168090299	1.59193667096165	1.12849694709815
CRUK0035	1.70902319522664	1.77442933591788	1.60455372144609	2.92279136771442	0.456191689649554	1.70902319522664	1.79031457013349	1.63378176415107
CRUK0036	4.07125505666048	4.20835841673161	4.03243846008322	6.276048664822	1.96474821199283	4.07125505666048	4.29629262207537	3.8502543728135
CRUK0037	2.48085670850241	3.13741451890021	2.09582048203613	4.87837546872585	0.354859532210481	2.48085670850241	3.13993875057914	1.96428830105576
CRUK0039	2.83565223527081	2.93256471983338	2.87215970013366	3.98826098351183	1.81646343645522	2.83565223527081	3.02823627764203	2.68370469626031
CRUK0041	4.12036755224602	4.08530208369818	3.89657935445614	6.1053076511392	1.87657378701513	4.12036755224602	4.28908636142901	3.97226607557437
CRUK0042	1.51769402306771	1.51769402306771	1.51769402306771	1.51769402306771	1.51769402306771	1.51769402306771	1.51769402306771	1.51769402306771
CRUK0044	2.79364841137106	2.79364841137106	2.79364841137106	2.79364841137106	2.79364841137106	2.79364841137106	2.79364841137106	2.79364841137106
CRUK0046	1.58134864852285	1.57017887906201	1.59532138994901	2.66507750312893	0.500422765882097	1.58134864852285	1.86259048476017	1.2804950147404
CRUK0047	1.90396638175213	1.88892787143901	1.91900489206524	2.3831971211293	1.42473564237495	1.90396638175212	1.94378221400805	1.8641505494962
CRUK0048	2.33591721654044	2.33591721654044	2.33591721654044	2.33591721654044	2.33591721654044	2.33591721654044	2.33591721654044	2.33591721654044
CRUK0050	1.52664049933956	2.04943497656128	1.37210650850409	5.70109983202985	-2.27955834696448	1.52664049933956	2.04943497656128	1.27347446586154
CRUK0052	3.43765828833972	3.60711872030781	3.4049591866009	5.93865642839367	1.07342147851503	3.43765828833973	3.60474569597015	3.31039435368411
CRUK0053	2.49971327136508	2.49971327136508	2.49971327136508	2.49971327136508	2.49971327136508	2.49971327136508	2.49971327136508	2.49971327136508
CRUK0055	1.93690911413737	1.93690911413737	1.93690911413737	1.93690911413737	1.93690911413737	1.93690911413737	1.93690911413737	1.93690911413737
CRUK0057	2.93983102348377	3.18237828467405	2.69728376229349	4.00916124916404	1.87050079780349	2.93983102348377	3.16713248099224	2.7125295659753
CRUK0060	2.55128931135997	2.55128931135997	2.55128931135997	2.55128931135997	2.55128931135997	2.55128931135997	2.55128931135997	2.55128931135997
CRUK0061	1.85166454969495	1.92933106967068	1.77399802971921	2.6883747242877	1.01495437510219	1.85166454969495	2.06106510029232	1.64226399909757
CRUK0095	2.91365668355515	3.02352773749407	2.80378562961624	4.0252859406664	1.8020274264439	2.91365668355515	3.00377262933711	2.8235407377732
CRUK0096	3.47542184972166	3.74722521446335	3.08909193892565	6.37027041406815	0.466046739320852	3.47542184972166	3.84196482627507	3.08909193892565
CRUK0099	3.04989816380293	3.22480202447125	2.87499430313461	3.78579546338342	2.31400086422244	3.04989816380293	3.18686957980404	2.91292674780182
CRUK0094	3.50892493836274	3.98122357028363	3.14504092538367	5.55973140655517	1.56653308911214	3.50892493836274	4.01265611011	3.12478722140474
CRUK0098	3.72783137648391	4.26278205669767	3.39423666022308	5.79682991154371	1.86018880537704	3.72783137648391	4.18614403681362	3.2886697709018
CRUK0097	2.27881314126158	2.27881314126158	2.27881314126158	2.27881314126158	2.27881314126158	2.27881314126158	2.27881314126158	2.27881314126158
CRUK0100	2.14805061385457	2.25236052374625	2.05226782076194	4.78226697326709	-0.477638628758904	2.14805061385457	2.24436924906805	2.07760053342108
CRUK0062	3.29334078950772	2.99682037489933	3.1576002545249	6.92826181005896	-0.773841180634734	3.29334078950772	3.53751102181731	2.84151645128542
CRUK0065	2.89916601245422	3.03608553743536	2.65615072431728	5.15365523719703	0.538581024555604	2.89916601245422	3.08036484882322	2.73645683409246
CRUK0067	3.24756657428725	3.5078727399868	2.9872604085877	5.19217902379801	1.3029541247765	3.24756657428725	3.58330134537605	2.91183180319845
CRUK0069	3.12965344372381	3.58459642300531	2.48625346995086	11.3229661214544	-5.25211622849822	3.12965344372381	3.67871770672178	2.48625346995086
CRUK0070	2.11952022293427	2.11078314072051	2.17165078478038	3.87641118155817	0.406022743942717	2.11952022293426	2.30554891489228	2.01266054883832
CRUK0075	3.01419212212609	3.01419212212609	3.01419212212609	3.01419212212609	3.01419212212609	3.01419212212609	3.01419212212609	3.01419212212609
CRUK0076	2.84729548115415	3.04693533284269	2.64765562946561	3.41468862273426	2.27990233957404	2.84729548115415	3.02383032756565	2.67076063474265
CRUK0077	3.6689141302098	4.0055552645714	3.58065219974518	5.85007979026475	1.73612767405182	3.6689141302098	3.84296555308983	3.57549474269624
CRUK0078	4.29534629177989	4.258448639269	4.33224394429077	5.56648232020338	3.02421026335639	4.29534629177988	4.59131708783191	3.99937549572786
CRUK0079	3.94456360201075	3.98641255354623	3.67039437787685	5.26217628991166	2.39463064151142	3.94456360201075	4.16835924792312	3.72021464799021
CRUK0081	3.46091678607324	3.46091678607324	3.46091678607324	3.46091678607324	3.46091678607324	3.46091678607324	3.46091678607324	3.46091678607324
CRUK0082	3.74260651426059	3.84465179567515	3.64056123284604	4.70541740912575	2.77979561939544	3.74260651426059	3.8164631128104	3.66874991571079
CRUK0083	2.68525351891661	2.52196064087514	3.08338299922155	6.13741515971559	-0.5320715196189	2.68525351891661	3.11823675582108	2.08166457509043
CRUK0084	2.6422359599881	2.67853916293876	2.56270726705953	3.42889306233795	1.81235336766034	2.6422359599881	2.79549213190095	2.4854547346605
CRUK0086	3.82341355558166	4.25635553206513	3.56749636911855	6.68868114780954	1.13517075337414	3.82341355558166	4.29046721742128	3.58385284317368
CRUK0090	2.00282698299772	2.08433195920485	1.9213220067906	3.08812707459778	0.917526891397667	2.00282698299772	2.08142645903729	1.92422750695816
