m1.s.avg	m1.s.max	m1.s.min	m1.s.adj	m1.s.rev	m2.s.avg	m2.s.max	m2.s.min
CRUK0002	5.06730692681743	5.06730692681743	5.06730692681743	5.06730692681743	5.06730692681743	5.06730692681743	5.06730692681743	5.06730692681743
CRUK0004	4.150544293246	4.54901525346796	3.770232310397	4.71066118242778	3.60858638143718	4.150544293246	4.31646849228132	4.0330791181202
CRUK0005	4.45251995059913	4.76012130388813	4.20252271335186	4.90639332074299	4.056250696497	4.45251995059913	4.49554226316922	4.3785340127387
CRUK0009	4.60121285335654	4.60121285335654	4.60121285335654	4.60121285335654	4.60121285335654	4.60121285335654	4.60121285335654	4.60121285335654
CRUK0010	4.31165971511868	4.31165971511868	4.31165971511868	4.31165971511868	4.31165971511868	4.31165971511868	4.31165971511868	4.31165971511868
CRUK0012	4.20186524016213	4.20186524016213	4.20186524016213	4.20186524016213	4.20186524016213	4.20186524016213	4.20186524016213	4.20186524016213
CRUK0013	4.25698597405685	4.63238822165457	3.82867008430392	4.8308940912831	3.63016421467539	4.25698597405685	4.55213464808768	4.05816871081118
CRUK0014	4.23381108366076	4.23381108366076	4.23381108366076	4.23381108366076	4.23381108366076	4.23381108366076	4.23381108366076	4.23381108366076
CRUK0017	4.82094502025323	4.98185814276108	4.64289457719127	5.1460451991303	4.47870752082205	4.82094502025323	4.9473634915309	4.72685233430939
CRUK0018	4.34273929428295	4.82090585047746	3.7546568671349	4.93486967453012	3.64069304308224	4.34273929428295	4.63960784916883	3.94799075498321
CRUK0019	3.93260429001783	3.93260429001783	3.93260429001783	3.93260429001783	3.93260429001783	3.93260429001783	3.93260429001783	3.93260429001783
CRUK0020	4.48337157370723	4.64557751975219	4.32116562766228	4.73926064567238	4.22748250174209	4.48337157370723	4.69621119527274	4.27053195214173
CRUK0021	4.72643838388327	4.90871698078038	4.54415978698617	5.03158302545832	4.42129374230823	4.72643838388327	4.9388656368276	4.51401113093894
CRUK0023	4.33050924128627	4.49735350438757	4.16366497818497	4.53632692674537	4.12469155582717	4.33050924128627	4.42706888632359	4.23394959624895
CRUK0024	4.67730081773566	4.99849954979164	4.42687792263802	5.17489460509993	4.25048286732973	4.67730081773566	4.85046701759367	4.44958489666674
CRUK0025	4.13916002106941	4.17899759624547	4.09932244589335	4.24771101971558	4.03060902242324	4.13916002106941	4.18397379136749	4.09434625077133
CRUK0026	4.10556708837035	4.10556708837035	4.10556708837035	4.10556708837035	4.10556708837035	4.10556708837035	4.10556708837035	4.10556708837035
CRUK0027	4.47208476222344	4.57166287446617	4.37250664998072	4.70361924729309	4.2405502771538	4.47208476222344	4.67504140412202	4.26912812032487
CRUK0028	4.16004469191327	4.16004469191327	4.16004469191327	4.16004469191327	4.16004469191327	4.16004469191327	4.16004469191327	4.16004469191327
CRUK0029	4.6618917017366	5.19705463659677	4.21708773203296	5.41780268557476	3.99633968305497	4.6618917017366	4.95847423408788	4.3040695144131
CRUK0030	4.37162201942888	4.44759055581321	4.29565348304456	4.55701861999031	4.18622541886746	4.37162201942888	4.47773618137821	4.26550785747955
CRUK0031	4.90185787463472	4.90185787463472	4.90185787463472	4.90185787463472	4.90185787463472	4.90185787463472	4.90185787463472	4.90185787463472
CRUK0032	3.2940877158042	3.2940877158042	3.2940877158042	3.2940877158042	3.2940877158042	3.2940877158042	3.2940877158042	3.2940877158042
CRUK0033	3.90912186804491	3.97250670269086	3.84573703339897	4.01666011311348	3.80158362297635	3.90912186804491	3.932686748978	3.88555698711183
CRUK0035	4.33679614882111	4.55776262558298	4.15232530299335	4.75411653344773	3.9559713951286	4.33679614882111	4.5403719701717	4.16515025472472
CRUK0036	4.99293100094444	5.62721308976535	4.25793909865733	5.74231005509988	4.1428421333228	4.99293100094444	5.2865043627955	4.51248830767368
CRUK0037	4.06827619298914	4.54005886406269	3.47949043347267	4.73939285425801	3.28015644327734	4.06827619298914	4.5409150329838	3.45317202885826
CRUK0039	4.28635300438045	4.49811739379256	4.1008947008923	4.58022955890982	4.01878253577504	4.28635300438045	4.38568542656362	4.20469719696739
CRUK0041	4.3028936158648	4.62315724564196	3.84971635231728	4.85937167534989	3.61350192260936	4.3028936158648	4.63448236773103	3.81351383347668
CRUK0042	4.03083820562251	4.03083820562251	4.03083820562251	4.03083820562251	4.03083820562251	4.03083820562251	4.03083820562251	4.03083820562251
CRUK0044	4.71945013362951	4.71945013362951	4.71945013362951	4.71945013362951	4.71945013362951	4.71945013362951	4.71945013362951	4.71945013362951
CRUK0046	4.33337025391371	4.69720601404411	4.06675220731641	4.80928030153618	3.95467791982434	4.33337025391371	4.39853103430711	4.27687534859785
CRUK0047	4.652479830586	4.78754798203049	4.51741167914151	4.83660583245869	4.46835382871332	4.652479830586	4.77489204910482	4.53006761206718
CRUK0048	3.86269475487013	3.86269475487013	3.86269475487013	3.86269475487013	3.86269475487013	3.86269475487013	3.86269475487013	3.86269475487013
CRUK0050	4.85092352998348	5.27833999997131	4.56904396350568	5.392374389558	4.45500957391899	4.85092352998348	4.97158213324145	4.72357880654918
CRUK0052	4.8081640031572	5.11874188317212	4.55049640980417	5.20451283727516	4.46472545570112	4.8081640031572	4.93876341502234	4.60724615064626
CRUK0053	4.26089629451447	4.26089629451447	4.26089629451447	4.26089629451447	4.26089629451447	4.26089629451447	4.26089629451447	4.26089629451447
CRUK0055	4.06524611310781	4.06524611310781	4.06524611310781	4.06524611310781	4.06524611310781	4.06524611310781	4.06524611310781	4.06524611310781
CRUK0057	4.69553600467897	4.80174677157686	4.58932523778107	4.98827141621653	4.4028005931414	4.69553600467897	4.81756060978648	4.57351139957145
CRUK0060	4.51552423475949	4.51552423475949	4.51552423475949	4.51552423475949	4.51552423475949	4.51552423475949	4.51552423475949	4.51552423475949
CRUK0061	4.34562492531515	4.49265745184528	4.19859239878502	4.67060520254065	4.02064464808965	4.34562492531515	4.58529220074417	4.10595764988613
CRUK0095	4.87415824346944	4.95463232920238	4.7936841577365	5.04656822671764	4.70174826022125	4.87415824346944	4.90482517600783	4.84349131093106
CRUK0096	5.1903914255729	5.5490855040469	4.42453174841534	5.76329465487723	4.21032259758501	5.1903914255729	5.36286323984077	4.82128011377514
CRUK0099	4.73984049744853	4.88686931551659	4.59281167938048	4.93968763854837	4.5399933563487	4.73984049744853	4.93340958549016	4.54627140940691
CRUK0094	4.59537677730216	4.85958741809166	4.3844352032576	5.05207423248991	4.19194838885935	4.59537677730216	4.79926857906519	4.4130695479915
CRUK0098	4.44187801838291	5.04284298808189	3.79114546514715	5.19266553425634	3.64132291897269	4.44187801838291	4.71969602031779	4.19134373853972
CRUK0097	4.44684146818778	4.44684146818778	4.44684146818778	4.44684146818778	4.44684146818778	4.44684146818778	4.44684146818778	4.44684146818778
CRUK0100	4.56991290207386	5.02504677818877	4.20226767985213	5.17123417884915	4.05608027919175	4.56991290207386	4.80962513510843	4.38344264304865
CRUK0062	4.98002904460343	5.327148474808	4.64219065186437	5.59470407988546	4.37463504678691	4.98002904460343	5.33223087108361	4.74694796760181
CRUK0065	5.2324867857283	5.45782399749969	4.84764164769948	5.85793607289928	4.44752957229989	5.2324867857283	5.53544446079079	4.89446989684564
CRUK0067	5.61313999840752	5.74255852335638	5.48372147345867	5.88066045231226	5.34561954450279	5.61313999840752	5.62861069350349	5.59766930331156
CRUK0069	4.53746403756019	5.17712988777422	2.95452413132589	5.77687754875724	2.35477647034287	4.53746403756019	5.16834700981614	2.95505273595558
CRUK0070	5.10142080239347	5.41328807281693	4.75916609012049	5.56390286260765	4.60855130032976	5.10142080239347	5.2564325784211	4.94731200661478
CRUK0075	4.6155676640379	4.6155676640379	4.6155676640379	4.6155676640379	4.6155676640379	4.6155676640379	4.6155676640379	4.6155676640379
CRUK0076	5.31564145797654	5.35536776794955	5.27591514800354	5.40480081504104	5.22648210091205	5.31564145797654	5.3755708254526	5.25571209050048
CRUK0077	5.62645009885063	5.88652212615984	5.31131521287514	6.03122911578266	5.16660822325233	5.62645009885063	5.88378225372599	5.352205884698
CRUK0078	5.30395639616109	5.60789348487619	5.000019307446	5.7226490338557	4.88526375846649	5.30395639616109	5.46624796526226	5.14166482705993
CRUK0079	4.82589198766269	5.14058576294048	4.60719719274384	5.26930925677257	4.47847369891175	4.82589198766268	4.91779097470927	4.71351684099947
CRUK0081	5.84075499733449	5.84075499733449	5.84075499733449	5.84075499733449	5.84075499733449	5.84075499733449	5.84075499733449	5.84075499733449
CRUK0082	5.38984807038786	5.33175932274649	5.44793681802923	5.60280504845962	5.1768910923161	5.38984807038786	5.43167274026731	5.34802340050841
CRUK0083	5.43224715076102	5.83067234029982	5.0527692534182	6.04913449937129	4.83430709434674	5.43224715076102	5.65330897089374	5.08872498742881
CRUK0084	5.08256916500849	5.17419284829873	4.96761684739927	5.27035168832118	4.87145800737681	5.08256916500849	5.18982935580223	5.02465905786832
CRUK0086	4.63100989357626	5.01709108784339	4.40251955826613	5.1127317444106	4.30687890169892	4.63100989357626	5.0592434178773	4.40328667336507
CRUK0090	5.26521851422522	5.38608320846095	5.14435381998949	5.44444640398556	5.08599062446487	5.26521851422522	5.40016223763573	5.1302747908147
