m1.s.avg	m1.s.max	m1.s.min	m1.s.adj	m1.s.rev	m2.s.avg	m2.s.max	m2.s.min
CRUK0150	3.2729912500725	3.59959954563225	2.89121357485725	3.82228057480985	2.66853254567965	3.2729912500725	3.56454778014086	2.9059982598047
CRUK0117	0.680995190398522	0.814637104648164	0.54735327614888	0.900234309052886	0.461756071744158	0.680995190398522	0.845762032089091	0.516228348707953
CRUK0128	2.35963516696403	2.35963516696403	2.35963516696403	2.35963516696403	2.35963516696403	2.35963516696403	2.35963516696403	2.35963516696403
CRUK0134	3.29655312865572	3.56985886091769	2.9627335908477	3.76854532328472	2.76404712848068	3.29655312865572	3.66352736930388	2.99818163535605
CRUK0146	3.75809125453844	4.04678820569436	3.46832747612132	4.13452854109	3.38058714072568	3.75809125453844	4.0059440819549	3.57038547700034
CRUK0196	3.80710765728719	3.90315948411237	3.71105583046201	4.02667122500273	3.58754408957165	3.80710765728719	4.01633822308016	3.59787709149422
CRUK0124	2.4914484934059	2.58260039686216	2.40029658994963	2.62021791989522	2.36267906691657	2.4914484934059	2.57556078739776	2.40733619941404
CRUK0199	1.36023272239782	1.36023272239782	1.36023272239782	1.36023272239782	1.36023272239782	1.36023272239782	1.36023272239782	1.36023272239782
CRUK0182	1.71241265430229	1.72929243764349	1.6955328709611	2.03846656097351	1.38635874763108	1.71241265430229	1.77810670124146	1.64671860736313
CRUK0183	3.28950111101583	3.28950111101583	3.28950111101583	3.28950111101583	3.28950111101583	3.28950111101583	3.28950111101583	3.28950111101583
CRUK0129	2.80457985839751	3.19317923276271	2.4307714816527	3.34484256632386	2.27910814809156	2.80457985839751	3.10818512459049	2.45482234529186
CRUK0157	2.93579047138534	3.49445298524057	2.50624573898831	3.62257831218176	2.37812041204712	2.93579047138534	3.49477710698611	2.51403347315488
CRUK0118	2.8286934587697	3.06215930521497	2.59522761232442	3.10300907614804	2.55437784139135	2.8286934587697	3.0922403117106	2.5651466058288
CRUK0142	2.39671925991119	2.55468766194262	2.23875085787976	2.59961167010504	2.19382684971733	2.39671925991119	2.51288950862107	2.2805490112013
CRUK0115	3.79413110247067	3.86055481626403	3.7277073886773	3.91550299876543	3.6727592061759	3.79413110247067	3.80392520243167	3.78433700250966
CRUK0178	2.29638255451348	2.83396993059944	1.7417188735208	3.03826217876522	1.53742662535501	2.29638255451348	2.80593560085338	1.9214887125175
CRUK0259	2.93415794203999	3.2536197604861	2.61469612359389	3.31358418160058	2.55473170247941	2.93415794203999	3.04558637691238	2.82272950716761
CRUK0270	3.29497653610703	4.02092904437838	2.59065741384756	4.1815718048127	2.43001465341324	3.29497653610703	3.63990220614633	2.78356382477266
CRUK0235	1.05262840358808	1.3911139637027	0.72242662495423	1.50339463732464	0.610145951332289	1.05262840358808	1.24350228711156	0.699764425029984
CRUK0296	3.00695386991313	3.12287307344091	2.89103466638535	3.13893382818772	2.87497391163853	3.00695386991313	3.00894053753483	3.00496720229142
CRUK0253	1.50635353820962	2.1381436977566	0.941973875710846	2.39870225088469	0.681415322582754	1.50635353820962	1.96963762102693	0.959801406955354
CRUK0290	3.07768786159102	3.51659387921898	2.63878184396306	3.64165634575341	2.51371937742863	3.07768786159102	3.51711685775847	2.63825886542357
CRUK0285	1.5503820277013	1.5503820277013	1.5503820277013	1.5503820277013	1.5503820277013	1.5503820277013	1.5503820277013	1.5503820277013
CRUK0272	2.52402971618641	2.82323319464422	2.11769997892649	3.01178411075795	1.92914906281275	2.52402971618641	2.86184772066713	2.19532938150979
CRUK0279	1.49816593864234	1.49816593864234	1.49816593864234	1.49816593864234	1.49816593864234	1.49816593864234	1.49816593864234	1.49816593864234
CRUK0223	3.51566752978781	4.80829162140895	2.46513515524109	5.40108052211021	1.87234625453982	3.51566752978781	4.19427131929988	3.15702731831297
CRUK0293	3.30663286593429	3.86957159528588	2.7436941365827	3.92726817755076	2.68599755431782	3.30663286593429	3.91290745277305	2.70035827909553
CRUK0232	3.22026365151816	3.33196659335374	3.10856070968258	3.40630238166093	3.03422492137539	3.22026365151816	3.33261079681664	3.10791650621968
CRUK0287	2.77193130372734	2.8449582733126	2.69890433414208	2.85354961210436	2.69031299535033	2.77193130372734	2.77766961494044	2.76619299251425
CRUK0271	4.10991283032077	4.66514640072677	3.53529438437889	4.78302451170303	3.41741627340264	4.10991283032077	4.58325757393284	3.54824237828121
CRUK0273	2.8037910808015	3.15686927538832	2.45071288621467	3.18924757111884	2.41833459048415	2.8037910808015	2.82330773521196	2.78427442639103
CRUK0276	3.05271516353068	3.48670604960864	2.66359205022387	3.6346305847827	2.51566751504981	3.05271516353068	3.15739835451983	2.87060917584056
CRUK0242	3.241166985937	3.78382724392762	2.79993943074176	3.90890306819514	2.67486360647423	3.241166985937	3.71715173441701	2.92710725435883
CRUK0245	3.23818119933712	3.32199187315167	3.15437052552257	3.34810212791436	3.12826027075988	3.23818119933712	3.27067046003955	3.20569193863468
CRUK0201	2.24018841500347	2.24018841500347	2.24018841500347	2.24018841500347	2.24018841500347	2.24018841500347	2.24018841500347	2.24018841500347
CRUK0206	3.19232853390538	3.6129433259927	2.84316765141388	3.74794927868184	2.70816169872474	3.19232853390538	3.31346941531978	2.94589882675938
CRUK0241	3.44182860889761	4.04402254861729	2.86975876347985	4.19010144906895	2.72367986302818	3.44182860889761	3.99933057274438	3.08946143481817
CRUK0297	0.823820865825991	0.823820865825991	0.823820865825991	0.823820865825991	0.823820865825991	0.823820865825991	0.823820865825991	0.823820865825991
CRUK0284	2.49501387660739	3.08736488646281	1.67503195098569	3.33229080086886	1.43010603657964	2.49501387660739	2.94298426020487	1.80214858845147
CRUK0233	1.79499814796692	1.93113327366636	1.65886302226749	1.99968285921012	1.59031343672372	1.79499814796692	1.83678883401618	1.75320746191767
CRUK0280	2.66148348639112	3.07213158883762	2.26152755210425	3.20344846408719	2.13021067685468	2.66148348639112	2.98547329698941	2.29819599530546
CRUK0247	1.46821835662435	1.53496775715476	1.40146895609395	1.61883653204713	1.31760018120157	1.46821835662435	1.47634188995462	1.46009482329409
CRUK0213	2.68952130728765	2.68952130728765	2.68952130728765	2.68952130728765	2.68952130728765	2.68952130728765	2.68952130728765	2.68952130728765
CRUK0286	2.31766030350556	2.56042293389596	2.00735083202664	2.68411933314553	1.88365443277707	2.31766030350556	2.61258620351452	1.92865444036219
CRUK0256	3.02473080365009	3.02473080365009	3.02473080365009	3.02473080365009	3.02473080365009	3.02473080365009	3.02473080365009	3.02473080365009
CRUK0274	1.94907101553578	2.64151723455445	1.4321582823301	2.93127028761915	1.1424052292654	1.94907101553578	2.59006583567736	1.49146328929075
CRUK0244	3.33951389303219	3.33951389303219	3.33951389303219	3.33951389303219	3.33951389303219	3.33951389303219	3.33951389303219	3.33951389303219
CRUK0212	2.59332528701632	2.59332528701632	2.59332528701632	2.59332528701632	2.59332528701632	2.59332528701632	2.59332528701632	2.59332528701632
CRUK0299	2.96419893425368	3.17987535221707	2.74852251629028	3.4136657631887	2.51473210531866	2.96419893425368	3.12623414756969	2.80216372093767
CRUK0240	3.43278922965928	3.62338758019552	3.24219087912304	3.80053108886566	3.0650473704529	3.43278922965928	3.44128929789522	3.42428916142334
CRUK0392	2.45330575663533	2.95550878935521	2.01631737463652	3.14800007804077	1.82382608595096	2.45330575663533	2.95550878935521	1.98490594328979
CRUK0381	2.8821815739096	3.66588773820354	2.01474043718011	3.89057930359682	1.79004887178682	2.8821815739096	3.64196831230056	2.01024428260813
CRUK0372	0.9613937661778	0.9613937661778	0.9613937661778	0.9613937661778	0.9613937661778	0.9613937661778	0.9613937661778	0.9613937661778
CRUK0361	2.73930962710418	4.1977654371453	1.66449352817321	4.48479910251678	1.37745986280174	2.73930962710418	4.16896127737401	1.64047752938641
CRUK0380	3.1260654351868	3.6005821044602	2.68258337221259	3.75112522954635	2.53204024712644	3.1260654351868	3.53798040222563	2.80119818243338
CRUK0329	2.51947721316232	2.73631934034686	2.30263508597777	2.97453270370955	2.06442172261508	2.51947721316232	2.65066958068816	2.38828484563648
CRUK0315	3.49809654821411	3.60607730957875	3.39011578684948	3.63489026635366	3.36130283007457	3.49809654821411	3.59576392508626	3.40042917134197
CRUK0352	3.87191878999302	4.25911436419225	3.48472321579379	4.58595344433647	3.15788413564958	3.87191878999302	3.95024762180762	3.79358995817843
CRUK0310	2.73458607125351	2.90725669786682	2.56191544464021	2.97471922684459	2.49445291566244	2.73458607125351	2.77915440841963	2.6900177340874
CRUK0371	3.04014032880334	3.10944681804965	2.97083383955704	3.1892017967832	2.89107886082349	3.04014032880334	3.07878661369203	3.00149404391466
CRUK0331	3.49455887857578	4.1228355477802	2.82719839911732	4.40294109363844	2.54709285325908	3.49455887857578	4.11771722883377	2.92357848879736
CRUK0344	3.33147681175602	3.66237522367085	3.00057839984119	3.7047002896175	2.95825333389454	3.33147681175602	3.65003139974969	3.01292222376234
CRUK0313	1.02597801772537	1.02597801772537	1.02597801772537	1.02597801772537	1.02597801772537	1.02597801772537	1.02597801772537	1.02597801772537
CRUK0369	3.10658034239623	4.35086201317039	1.58783328600338	4.76784444080043	1.17085085837334	3.10658034239623	4.06797319963153	1.48901870801057
CRUK0312	4.15720049691004	4.41868730927724	3.89571368454283	4.46500759161623	3.84939340220384	4.15720049691004	4.41672711667243	3.89767387714765
CRUK0328	3.52826008216005	3.52826008216005	3.52826008216005	3.52826008216005	3.52826008216005	3.52826008216005	3.52826008216005	3.52826008216005
CRUK0375	0.613454533361864	0.97209116363588	0.254817903087849	1.14983068775543	0.0770783789682949	0.613454533361865	0.97209116363588	0.254817903087849
CRUK0388	2.36633273831353	3.09657292306529	1.73733249969468	3.26009412423805	1.57381129852192	2.36633273831353	3.12681695261116	1.91885833778445
CRUK0308	2.41070627786523	2.90360403043716	1.9178085252933	2.96501004258939	1.85640251314107	2.41070627786523	2.95612601931031	1.86528653642015
CRUK0370	1.77914185332709	1.88077448073097	1.67750922592322	1.91999846764879	1.63828523900539	1.77914185332709	1.85024113393279	1.7080425727214
CRUK0386	2.34594888591328	2.34594888591328	2.34594888591328	2.34594888591328	2.34594888591328	2.34594888591328	2.34594888591328	2.34594888591328
CRUK0322	2.12512954550464	2.85069322220814	1.20782548061863	2.99941551955433	1.05910318327244	2.12512954550464	2.86076286680849	1.18945458876287
CRUK0316	2.69670006092256	2.87518215981999	2.50154926665961	2.93944111092344	2.43729031555616	2.69670006092256	2.87077553304254	2.59576675511662
CRUK0301	1.812186106876	1.812186106876	1.812186106876	1.812186106876	1.812186106876	1.812186106876	1.812186106876	1.812186106876
CRUK0333	1.86352011671227	2.28592806401202	1.42796915979052	2.48388664091567	1.23001058288686	1.86352011671227	2.24892004293157	1.44387727937173
CRUK0379	2.57422430146036	3.54174537628815	1.51495991219431	3.81866413100354	1.23804115747893	2.57422430146036	3.52261422551449	1.51495991219431
CRUK0377	1.94461880187767	1.94461880187767	1.94461880187767	1.94461880187767	1.94461880187767	1.94461880187767	1.94461880187767	1.94461880187767
CRUK0394	3.65399088674422	3.90696390383448	3.44019312142683	4.0460786229364	3.30107840232492	3.65399088674421	3.89620102286629	3.47140492594183
CRUK0393	2.95333815146463	3.49032024599748	2.38996653580609	3.58178493018036	2.29850185162321	2.95333815146464	3.42589652956211	2.39162245528739
CRUK0368	1.85439935736871	2.29117364968758	1.41762506504983	2.353330442092	1.35546827264541	1.85439935736871	2.2681672373929	1.44063147734452
CRUK0319	0.944582522943687	0.944582522943687	0.944582522943687	0.944582522943687	0.944582522943687	0.944582522943687	0.944582522943687	0.944582522943687
CRUK0318	2.50765795342368	2.50765795342368	2.50765795342368	2.50765795342368	2.50765795342368	2.50765795342368	2.50765795342368	2.50765795342368
CRUK0396	2.68296885957324	3.03900273780217	2.32693498134431	3.06451311774763	2.30142460139885	2.68296885957324	2.74398265758866	2.62195506155782
CRUK0303	2.18211521145892	2.64518120414448	1.71904921877336	2.6895134558153	1.67471696710254	2.18211521145892	2.64853579047954	1.7156946324383
CRUK0350	3.29987621669047	3.36718920996206	3.23256322341888	3.44731586879213	3.15243656458881	3.29987621669047	3.31240022149975	3.2873522118812
CRUK0334	2.77125999880731	2.77125999880731	2.77125999880731	2.77125999880731	2.77125999880731	2.77125999880731	2.77125999880731	2.77125999880731
CRUK0384	3.32769173771306	3.52457844461244	3.13080503081369	3.62420289289611	3.03118058253001	3.32769173771306	3.52099305596991	3.13439041945622
CRUK0337	3.14591455372277	3.14591455372277	3.14591455372277	3.14591455372277	3.14591455372277	3.14591455372277	3.14591455372277	3.14591455372277
CRUK0373	2.7326667848325	2.7326667848325	2.7326667848325	2.7326667848325	2.7326667848325	2.7326667848325	2.7326667848325	2.7326667848325
CRUK0359	2.43733564086773	2.80171913812573	2.07295214360974	2.82080974913435	2.05386153260112	2.43733564086773	2.80308691421515	2.07158436752032
CRUK0343	1.70083259652853	2.23939183109672	1.05654839065282	2.53948308023441	0.756457141515127	1.70083259652853	2.10518428119463	1.07060031105126
CRUK0321	1.60337498531133	1.81636049853412	1.39038947208854	1.87494097079418	1.33180899982847	1.60337498531133	1.81490691748367	1.39184305313898
CRUK0385	2.99723898582995	3.55780134943085	2.62892070817064	3.76881467256383	2.41790738503766	2.99723898582995	3.62805944095599	2.49171911014582
CRUK0311	1.89600130713446	2.57359263717749	1.22188805081911	2.86532258993005	0.930158098066551	1.89600130713446	2.52930125563396	1.40854411819895
CRUK0460	1.97440767372918	2.69454042650766	1.43907098858911	2.72900870507863	1.40460271001813	1.97440767372918	2.59654774550496	1.53322241742532
CRUK0492	1.37675527488998	1.37675527488998	1.37675527488998	1.37675527488998	1.37675527488998	1.37675527488998	1.37675527488998	1.37675527488998
CRUK0487	3.58055585352014	4.31511211866522	2.49932596493132	4.72591938444908	2.08851869914745	3.58055585352014	4.18057380876513	2.53612700064666
CRUK0495	3.58930872166724	4.41321316481247	2.92947710243584	4.60531618569836	2.73737408154995	3.58930872166724	4.12252524445213	3.39541478023819
CRUK0408	3.42332788909536	3.42332788909536	3.42332788909536	3.42332788909536	3.42332788909536	3.42332788909536	3.42332788909536	3.42332788909536
CRUK0497	4.03964860724118	4.35322711440904	3.71724065868074	4.57117211858805	3.49929565450172	4.03964860724118	4.19640851174968	3.93155238553997
CRUK0422	2.46890508571348	2.94559259173039	1.99221757969657	3.00355457260143	1.93425559882553	2.46890508571348	2.848732071085	2.08907810034196
CRUK0410	2.83847680481927	3.65026874381861	2.03196839972089	3.89302518162039	1.78921196191911	2.83847680481927	3.57089583239691	2.01737376455046
CRUK0412	4.16095714302242	4.54691111557698	3.58136172264039	4.69774946799873	3.43052337021865	4.16095714302242	4.46276598638346	3.59107726920276
CRUK0420	2.149197570273	3.13039072211787	1.16800441842813	3.50918769906738	0.78920744147863	2.149197570273	3.16956435887495	1.12883078167106
CRUK0488	3.91428843039994	3.91428843039994	3.91428843039994	3.91428843039994	3.91428843039994	3.91428843039994	3.91428843039994	3.91428843039994
CRUK0401	1.76966089778216	1.97753588758508	1.56178590797925	2.04156628120794	1.49775551435639	1.76966089778216	1.96479870665349	1.57452308891084
CRUK0448	3.21198281867421	3.4317735451807	2.90097709901581	3.69705480002506	2.63569584417145	3.21198281867421	3.4093568491244	3.01766437482992
CRUK0496	3.21271129325204	3.67467106878379	2.63200932344446	3.77794747832837	2.52873291389988	3.21271129325204	3.6858837507849	2.63951838058926
CRUK0452	3.28512166728191	3.76125819673052	2.87623891912057	3.95978586524087	2.67771125061022	3.28512166728191	3.9080858588452	2.82637323669607
CRUK0472	3.46109301409799	3.78556347109831	3.07871392203805	3.84241898920668	3.02185840392968	3.46109301409799	3.58113257472311	3.36109821252973
CRUK0434	3.03898725319097	3.36200446833652	2.73974245340942	3.4822762131743	2.61947070857164	3.03898725319097	3.16231729602311	2.83078766054839
CRUK0431	2.63259565402618	2.7541223021414	2.51106900591096	2.80869756465891	2.45649374339345	2.63259565402618	2.75002893835181	2.51516236970056
CRUK0451	1.89736341456408	2.22285211671148	1.53798342729617	2.3439105494607	1.41692499454695	1.89736341456408	1.95738847425072	1.82993902067338
CRUK0447	3.22060560502966	3.22060560502966	3.22060560502966	3.22060560502966	3.22060560502966	3.22060560502966	3.22060560502966	3.22060560502966
CRUK0404	2.22757503364446	2.60675245511564	1.84839761217328	2.63990830866233	1.81524175862658	2.22757503364446	2.63525240682354	1.81989766046538
CRUK0463	3.84127863985444	4.07197144815605	3.61058583155283	4.12907262255686	3.55348465715202	3.84127863985444	4.02642372185432	3.65613355785456
CRUK0419	3.1300574332021	3.1300574332021	3.1300574332021	3.1300574332021	3.1300574332021	3.1300574332021	3.1300574332021	3.1300574332021
CRUK0484	3.26484433986797	4.11031216311992	2.52886573504265	4.23860404114033	2.40057385702225	3.26484433986797	3.82250348465059	2.98491542848716
CRUK0450	1.53540660610441	1.83055357792538	1.24025963428345	1.97976770005403	1.09104551215479	1.53540660610441	1.80600102851407	1.26481218369476
CRUK0403	2.21367528254611	2.81601502093731	1.50916821324484	2.94506188536061	1.38012134882154	2.21367528254611	2.6865164641289	1.51276723329483
CRUK0467	3.57049075143833	3.57049075143833	3.57049075143833	3.57049075143833	3.57049075143833	3.57049075143833	3.57049075143833	3.57049075143833
CRUK0485	1.73340381315929	2.02031746249463	1.54236161450582	2.19781101371527	1.36486806328518	1.73340381315929	2.04614966487872	1.55095171125159
CRUK0416	2.34562444534732	3.13612991389063	1.78923417530703	3.24665848799539	1.67870560120226	2.34562444534732	2.768626365583	1.81954709961192
CRUK0462	1.41295520063268	1.90147972335334	0.941791987668666	2.05749537632984	0.785776334692166	1.41295520063268	1.90690924911215	0.992148511953866
CRUK0476	3.80675354952555	4.31263780526219	3.22833002560676	4.44584479533211	3.09512303553684	3.80675354952555	4.08795774079465	3.36079391319151
CRUK0418	2.20372927085328	2.20372927085328	2.20372927085328	2.20372927085328	2.20372927085328	2.20372927085328	2.20372927085328	2.20372927085328
CRUK0465	2.77809007560862	2.77809007560862	2.77809007560862	2.77809007560862	2.77809007560862	2.77809007560862	2.77809007560862	2.77809007560862
CRUK0406	3.27034512544256	3.79493869704436	2.58545062502559	3.88321503915005	2.4971742829199	3.27034512544256	3.65252988899866	2.60429394391532
CRUK0423	3.72439447603322	4.27459498167492	3.29191205263592	4.39563465982433	3.17087237448651	3.72439447603322	3.90319319330715	3.62641430845815
CRUK0478	3.24060166952617	3.33290507920362	3.14829825984871	3.38690507681322	3.09429826223911	3.24060166952617	3.25962619041471	3.22157714863762
CRUK0453	2.94399331963334	2.94399331963334	2.94399331963334	2.94399331963334	2.94399331963334	2.94399331963334	2.94399331963334	2.94399331963334
CRUK0444	3.89285824025159	4.24781768606681	3.53789879443637	4.36081565631609	3.42490082418708	3.89285824025159	4.15401656460565	3.63169991589752
CRUK0594	4.03438576452517	4.03438576452517	4.03438576452517	4.03438576452517	4.03438576452517	4.03438576452517	4.03438576452517	4.03438576452517
CRUK0542	2.61320315000995	3.07606683708779	2.15033946293211	3.12064400454455	2.10576229547535	2.61320315000995	3.04657691033926	2.17982938968064
CRUK0573	3.10196158178029	3.28703777637238	2.88770765896228	3.41202808362626	2.7627173517084	3.10196158178029	3.19868330937885	3.00908562561281
CRUK0579	2.6864799660247	3.62355636404559	2.14239783314455	3.8057506072299	1.96020358996024	2.6864799660247	3.64130652824483	2.15992661972449
CRUK0514	2.90794439176493	3.14681059769123	2.66907818583863	3.2154564762946	2.60043230723526	2.90794439176493	3.01984317277372	2.79604561075614
CRUK0584	3.16245774709612	3.45926137766556	2.86565411652667	3.7369055379192	2.58800995627303	3.16245774709612	3.58155484800435	2.74336064618788
CRUK0510	3.18522779867515	3.77713612237388	2.52765235830412	4.00240474524171	2.30238373543628	3.18522779867515	3.62057265410862	2.80283619465077
CRUK0525	2.856079472193	3.10790143889504	2.60425750549096	3.2467945040795	2.4653644403065	2.856079472193	2.99749045513398	2.71466848925202
CRUK0598	2.73672308388058	2.73672308388058	2.73672308388058	2.73672308388058	2.73672308388058	2.73672308388058	2.73672308388058	2.73672308388058
CRUK0563	1.85780160130577	2.48410732734096	1.23536454497263	2.58223024993005	1.13724162238355	1.85780160130577	2.36212061735121	1.19828694450019
CRUK0566	4.28493920786269	4.56886955819466	4.00100885753071	4.60681195536752	3.96306646035786	4.28493920786269	4.58449452417913	3.98538389154624
CRUK0541	3.60228720048128	3.71694788382659	3.48762651713596	3.76188031943617	3.44269408152639	3.60228720048128	3.69779953503868	3.50677486592388
CRUK0597	3.43887986712299	3.8652994733067	3.01246026093929	3.97948479980037	2.89827493444562	3.43887986712299	3.8306177968463	3.04714193739969
CRUK0592	2.64618652510754	2.97896318020769	2.35313111366562	3.10134919333747	2.23074510053583	2.64618652510754	2.80960781920716	2.53284922263841
CRUK0535	2.48302460578648	3.70882195234752	1.15523547505695	4.03086142826814	0.833195999136332	2.48302460578648	3.76297415146547	1.15523547505695
CRUK0565	2.17881099175509	2.84632759168182	1.52958911035161	3.01271438545197	1.36320231658146	2.17881099175509	2.61510458789523	1.4725414575256
CRUK0578	2.25206353462575	2.25206353462575	2.25206353462575	2.25206353462575	2.25206353462575	2.25206353462575	2.25206353462575	2.25206353462575
CRUK0590	3.11528015143514	3.6746367163919	2.56471651358989	3.80857901389944	2.43077421608236	3.11528015143514	3.53216900600023	2.58859937432146
CRUK0519	2.77155230249672	3.42962280646323	2.31370017554148	3.58798254071794	2.15534044128677	2.77155230249672	3.10619731426887	2.43459266630073
CRUK0557	3.05944270878704	4.02226122850019	2.30514467456326	4.4304029642264	1.89700293883705	3.05944270878704	4.15884566933488	2.39599084472771
CRUK0533	2.06664066933781	2.65560536800358	1.58599826779077	2.8306335060998	1.41097012969454	2.06664066933781	2.65278907294262	1.70474049520596
CRUK0527	2.26301825343674	2.85142920486449	1.84268723912727	3.12207519802704	1.57204124596472	2.26301825343674	2.80520437850789	1.96725450294949
CRUK0505	3.33514702914341	3.61167582750235	3.05861823078447	3.75350187690917	2.91679218137765	3.33514702914341	3.36490335625821	3.30539070202861
CRUK0581	2.08877584534661	2.18901433036555	1.98853736032767	2.26134237719132	1.9162093135019	2.08877584534661	2.11155025435629	2.06600143633692
CRUK0537	1.35685724642016	1.84471650596241	0.868997986877912	2.45657900235551	0.257135490484809	1.35685724642016	1.84471650596241	0.868997986877912
CRUK0556	1.34483602528001	1.34483602528001	1.34483602528001	1.34483602528001	1.34483602528001	1.34483602528001	1.34483602528001	1.34483602528001
CRUK0555	2.54631554547593	3.35685062301318	1.73578046793869	3.41450300193874	1.67812808901313	2.54631554547593	3.39434196373586	1.69828912721601
CRUK0586	3.17007828631377	3.48187714842117	2.85827942420637	3.56026064183982	2.77989593078772	3.17007828631377	3.24010334117252	3.10005323145501
CRUK0530	1.08588832307061	1.66669855288467	0.505078093256551	1.9246219024461	0.247154743695121	1.08588832307061	1.69350266330686	0.478273982834362
CRUK0582	2.32826052575337	2.32826052575337	2.32826052575337	2.32826052575337	2.32826052575337	2.32826052575337	2.32826052575337	2.32826052575337
CRUK0549	2.80040527647789	3.64564820471679	2.01791485985107	3.80604091549414	1.85752214907371	2.80040527647789	3.64543307758744	2.093515872694
CRUK0503	2.70082755295144	2.70082755295144	2.70082755295144	2.70082755295144	2.70082755295144	2.70082755295144	2.70082755295144	2.70082755295144
CRUK0550	3.03454931232081	3.15793209300152	2.91116653164011	3.18659144545607	2.88250717918556	3.03454931232081	3.14130709058961	2.92779153405202
CRUK0528	2.29965772069182	2.76527859670769	1.85724181276958	2.9379558393124	1.68456457016487	2.29965772069183	2.77426397240867	2.05966332705841
CRUK0559	2.16216040618726	2.30318872681495	2.02113208555957	2.39122986039199	1.93309095198253	2.16216040618726	2.31652664119787	2.00779417117665
CRUK0516	2.50795115613268	3.20341450697421	1.98346276247764	3.39057362047327	1.79630364897858	2.50795115613268	2.9883200760891	2.09890095270775
CRUK0540	3.2378564305389	3.2378564305389	3.2378564305389	3.2378564305389	3.2378564305389	3.2378564305389	3.2378564305389	3.2378564305389
CRUK0570	2.02276324576118	2.31331264530604	1.73221384621632	2.46734196317675	1.57818452834562	2.02276324576118	2.32588198104775	1.71964451047462
CRUK0596	2.72717157972742	3.6195974458113	1.75140588115863	3.83761114482492	1.53339218214501	2.72717157972742	3.39733407039915	1.82091662077115
CRUK0513	2.65432414688647	2.96194596407915	2.33665830952156	3.14485789472602	2.15374637887469	2.65432414688647	2.72226121809811	2.57705763147373
CRUK0504	3.27101677627839	3.43547172923963	3.10656182331716	3.45371098289304	3.08832256966374	3.27101677627839	3.30757357789779	3.234459974659
CRUK0569	1.74537734899012	1.74537734899012	1.74537734899012	1.74537734899012	1.74537734899012	1.74537734899012	1.74537734899012	1.74537734899012
CRUK0548	2.70130409602094	2.80773561459672	2.59487257744517	2.85512359636905	2.54748459567284	2.70130409602094	2.84674118653876	2.55586700550313
CRUK0521	0.935172887933934	0.935172887933934	0.935172887933934	0.935172887933934	0.935172887933934	0.935172887933934	0.935172887933934	0.935172887933934
CRUK0512	2.62086217705086	2.79375074866602	2.4479736054357	2.82916558366848	2.41255877043324	2.62086217705086	2.73038664634074	2.51133770776099
CRUK0589	2.95546877223281	3.13710830455688	2.77382923990874	3.24624038946424	2.66469715500138	2.95546877223281	3.12091954500828	2.79001799945734
CRUK0543	1.72952665031573	1.98976585166219	1.46075955111161	2.13174878952472	1.31877661324908	1.72952665031573	1.84645842810245	1.50721221491645
CRUK0520	1.98307454968372	2.14856263623125	1.81758646313618	2.27626995573104	1.68987914363639	1.98307454968372	2.1183662262206	1.84778287314683
CRUK0553	4.03159140390077	4.1168802654182	3.94630254238333	4.19667755837061	3.86650524943092	4.03159140390076	4.09194654820667	3.97123625959486
CRUK0518	2.58450466766003	2.83487494148393	2.33413439383613	2.8455077082375	2.32350162708256	2.58450466766003	2.74030472478221	2.42870461053785
CRUK0524	3.21552635795209	3.49219021146014	2.93886250444404	3.56600077882496	2.86505193707923	3.21552635795209	3.54312104848487	2.88793166741931
CRUK0567	1.43294592404369	1.789374666306	0.965314682999156	1.92280772973108	0.831881619574072	1.4329459240437	1.71174893527589	1.06462479280538
CRUK0511	2.54049967581904	2.54049967581904	2.54049967581904	2.54049967581904	2.54049967581904	2.54049967581904	2.54049967581904	2.54049967581904
CRUK0552	3.32283819660077	3.71241288287129	2.98762475569468	3.78822340643621	2.91181423212977	3.32283819660077	3.42124472285203	3.14805500676922
CRUK0684	2.09519821875402	2.16089018714739	2.02950625036066	2.2657159240481	1.92468051345995	2.09519821875402	2.13954673101735	2.0508497064907
CRUK0610	0.788114117951461	1.13317494189049	0.362437534963322	1.26060815657012	0.235004320283695	0.78811411795146	1.12217310092488	0.369480753651343
CRUK0692	2.61416643556248	2.71259203025874	2.51574084086621	2.75497355885091	2.47335931227404	2.61416643556248	2.65675427394317	2.57157859718178
CRUK0681	3.89954359056091	4.29472590429401	3.33011642651259	4.42341563742744	3.20142669337917	3.89954359056091	4.14013165618455	3.22370809109874
CRUK0620	3.30278685954393	4.56490772501977	1.85588892070392	4.80376363020167	1.61703301552202	3.30278685954393	3.90867477345099	2.18231164159164
CRUK0667	2.836702447149	3.22344571663988	2.35647004931267	3.4198561563009	2.16005960965165	2.836702447149	3.13771603862437	2.66691545016865
CRUK0686	2.08935909957797	2.35723795690218	1.82148024225376	2.39159171647889	1.78712648267704	2.08935909957797	2.33600576059592	1.84271243856001
CRUK0666	2.92668597358567	3.31180759458553	2.51601493905776	3.38171723524865	2.44610529839465	2.92668597358567	3.21911376789609	2.59562775216655
CRUK0625	2.59093842700272	2.69172858373038	2.49014827027505	2.73316571512868	2.44871113887675	2.59093842700272	2.65439832196682	2.52747853203862
CRUK0696	3.02798334051099	3.40912346200237	2.43705348298651	3.50813082510384	2.33804611988505	3.02798334051099	3.20990703361569	2.85703959586502
CRUK0691	1.5992478766325	1.5992478766325	1.5992478766325	1.5992478766325	1.5992478766325	1.5992478766325	1.5992478766325	1.5992478766325
CRUK0638	3.36715607761349	3.36715607761349	3.36715607761349	3.36715607761349	3.36715607761349	3.36715607761349	3.36715607761349	3.36715607761349
CRUK0674	2.41719514816391	3.17596363358218	1.30109950487384	3.39384012311817	1.08322301533785	2.41719514816391	2.97968979632187	1.2994078458456
CRUK0693	3.00297526097548	3.37580712416279	2.69549325241518	3.49103827634384	2.58026210023413	3.00297526097548	3.24937773172266	2.76939157374714
CRUK0628	2.28339905405645	2.28339905405645	2.28339905405645	2.28339905405645	2.28339905405645	2.28339905405645	2.28339905405645	2.28339905405645
CRUK0682	3.05648186565333	3.36226487307515	2.74625794909295	3.41423228441261	2.69429053775549	3.05648186565333	3.36428549500165	2.76000507045326
CRUK0609	3.89152600620828	4.1429006094047	3.64015140301185	4.19885659162119	3.58419542079536	3.89152600620828	4.03445956581569	3.74859244660086
CRUK0606	2.55346138997423	3.03161752946603	2.24693455386696	3.47054370608686	1.80800837724612	2.55346138997423	2.8944054486675	2.21476526369585
CRUK0678	2.33304200503066	2.46161452474046	2.20446948532087	2.49657787841674	2.16950613164458	2.33304200503066	2.37416786028879	2.29191614977254
CRUK0640	2.28820985334302	3.20509949373604	1.73111617908882	3.45140507075893	1.48481060206593	2.28820985334302	3.21368696824216	1.91017887606222
CRUK0644	2.94797790351572	3.32704523999854	2.2387025807871	3.49565281153889	2.07009500924675	2.94797790351572	3.43642095830275	2.10994502776136
CRUK0650	2.4943814927179	2.77628869346303	2.21247429197278	2.81637783329016	2.17238515214565	2.4943814927179	2.59587329715515	2.39288968828066
CRUK0607	2.5803126410773	2.87691699799299	2.15861896575145	2.95240038568562	2.08313557805882	2.5803126410773	2.85501767338562	2.14798670163084
CRUK0680	2.62851208653331	3.20519115418613	2.06417764174444	3.30507976971794	1.96428902621263	2.62851208653331	3.0846760743181	2.23475051939495
CRUK0617	3.85014633026464	4.07362525680475	3.65294693490044	4.17952586052799	3.5470463311772	3.85014633026464	4.02886885568103	3.67720357659915
CRUK0616	3.20347284320235	3.57850798039887	2.82843770600582	3.67592301471722	2.73102267168747	3.20347284320235	3.40269208018161	3.00425360622308
CRUK0649	3.23978181979172	3.31586210959567	3.16370152998777	3.3454483397758	3.13411529980763	3.23978181979172	3.28258720752658	3.19697643205686
CRUK0634	2.47470088618109	2.47470088618109	2.47470088618109	2.47470088618109	2.47470088618109	2.47470088618109	2.47470088618109	2.47470088618109
CRUK0679	3.00021005864837	3.12110603828827	2.87931407900847	3.20509687569231	2.79532324160444	3.00021005864837	3.10869330589422	2.89172681140253
CRUK0698	2.25810053210908	2.67773146504141	1.79918330771089	2.86881552889528	1.60809924385703	2.25810053210908	2.68664100227975	1.79163665237472
CRUK0709	2.41955486628924	2.68385559141623	2.15525414116225	2.78439159455376	2.05471813802471	2.41955486628924	2.51501573956481	2.32409399301366
CRUK0768	3.06187740096494	3.1902584617493	2.93349634018057	3.22783430157983	2.89592050035004	3.06187740096494	3.16676732388667	2.9569874780432
CRUK0784	2.65276627138204	3.31575680689173	2.05136384645049	3.52201245434745	1.84510819899478	2.65276627138204	2.93981351952891	2.09186338073529
CRUK0742	2.71655137822106	2.84974677329684	2.5833559831453	2.87066075466218	2.56244200177995	2.71655137822107	2.79741159561457	2.63569116082756
CRUK0781	1.99385031381756	2.56151214129993	1.4261884863352	2.69121259492378	1.29648803271135	1.99385031381756	2.56151214129993	1.4261884863352
CRUK0731	3.49703687907443	3.78209263450137	3.21198112364748	3.80964700952109	3.18442674862776	3.49703687907443	3.77883410074576	3.21523965740309
CRUK0710	2.07785291957823	2.20434024089807	1.95136559825838	2.26055607859977	1.89514976055668	2.07785291957823	2.08839072265573	2.06731511650072
CRUK0721	2.61879356618913	3.15749313727054	2.08009399510773	3.31350409656562	1.92408303581264	2.61879356618913	3.09988728819001	2.13769984418825
CRUK0775	2.77561257059492	2.91526375255735	2.6359613886325	2.94066408818914	2.61056105300071	2.77561257059492	2.84762709256633	2.70359804862352
CRUK0799	1.21246054386725	1.74304419370376	0.681876894030733	1.90099387178287	0.523927215951616	1.21246054386724	1.75657869977669	0.668342387957802
CRUK0730	3.52125267197652	3.52125267197652	3.52125267197652	3.52125267197652	3.52125267197652	3.52125267197652	3.52125267197652	3.52125267197652
CRUK0706	3.31804256583589	3.65966567575882	2.93699827116738	3.84853024496085	2.74813370196534	3.31804256583589	3.58860099848542	2.93534772594105
CRUK0787	2.68268803536315	2.80577198544107	2.55960408528523	2.862376028529	2.50300004219729	2.68268803536315	2.70758057724618	2.65779549348011
CRUK0748	3.59674630742704	3.96031321496688	3.2276626536928	4.24075431069858	2.9472215579611	3.59674630742704	3.81598692781549	3.27765161763019
CRUK0707	3.05338525782177	3.17284525333868	2.93392526230487	3.25745848143515	2.8493120342084	3.05338525782177	3.14651307504526	2.96025744059828
CRUK0749	3.41367059432007	3.75486526604436	3.12879474314216	3.84422130941259	3.03943869977393	3.41367059432007	3.57211439593095	3.25652346968599
CRUK0735	2.30040328424965	2.30040328424965	2.30040328424965	2.30040328424965	2.30040328424965	2.30040328424965	2.30040328424965	2.30040328424965
CRUK0761	2.56828030143982	2.83664786765786	2.29991273522179	3.07343056765401	2.06313003522564	2.56828030143982	2.8363697833534	2.30019081952625
CRUK0717	2.15169664908097	2.59823114003291	1.75488300318761	2.71210047894326	1.64101366427726	2.15169664908097	2.35435583370371	1.8929023752783
CRUK0736	2.59449127586294	2.59449127586294	2.59449127586294	2.59449127586294	2.59449127586294	2.59449127586294	2.59449127586294	2.59449127586294
CRUK0737	2.24575078297107	3.05959449242715	1.43190707351499	3.26251936966317	1.22898219627898	2.24575078297107	3.06939694048386	1.42210462545829
CRUK0702	2.99454334151782	3.61780092703799	2.43444423425187	3.85169925420101	2.20054590708885	2.99454334151782	3.65474662856281	2.23328001442577
CRUK0766	2.94467836747669	3.08817238010952	2.80118435484386	3.16641314687125	2.72294358808213	2.94467836747669	3.02499561983271	2.86436111512067
CRUK0734	3.70666508673273	4.31478196583009	3.09854820763537	4.41925373665569	2.99407643680977	3.70666508673273	4.31895835554748	3.09437181791798
CRUK0772	4.16130351997152	4.16130351997152	4.16130351997152	4.16130351997152	4.16130351997152	4.16130351997152	4.16130351997152	4.16130351997152
CRUK0769	2.75103620363185	2.92412640148819	2.5779460057755	3.02730913618925	2.47476327107444	2.75103620363185	2.81097783218616	2.69109457507753
CRUK0756	1.53542977790514	1.58661708716587	1.48424246864441	1.61904111564511	1.45181844016517	1.53542977790514	1.5591047602346	1.51175479557568
CRUK0794	2.39335588548716	3.28745700308305	1.49925476789128	3.41934944049078	1.36736233048355	2.39335588548716	3.30146025290607	1.48525151806826
CRUK0755	2.77585943294979	2.77585943294979	2.77585943294979	2.77585943294979	2.77585943294979	2.77585943294979	2.77585943294979	2.77585943294979
CRUK0729	3.85762209476942	4.0369736757718	3.67928393863168	4.15462063031761	3.56163698408587	3.85762209476942	4.00932280725679	3.73899469727106
CRUK0714	3.54116970019445	4.03064152308466	3.06334371228203	4.14216810314299	2.95181713222371	3.54116970019445	3.90389707537951	3.15498601283158
CRUK0738	1.99510136242072	2.12279069133193	1.85758822068752	2.15569478079504	1.8246841312244	1.99510136242072	2.09840216020886	1.86525284266152
CRUK0733	3.19321705043355	3.40640658304323	2.98002751782387	3.4495954034576	2.9368386974095	3.19321705043355	3.24094493208403	3.14548916878307
CRUK0722	2.6537968378389	2.6537968378389	2.6537968378389	2.6537968378389	2.6537968378389	2.6537968378389	2.6537968378389	2.6537968378389
CRUK0771	2.70755449026784	3.07173620980787	2.41885748286851	3.30540931759678	2.1851843750796	2.70755449026784	3.08619775010346	2.42528422770002
CRUK0719	2.78037884754787	2.78037884754787	2.78037884754787	2.78037884754787	2.78037884754787	2.78037884754787	2.78037884754787	2.78037884754787
CRUK0718	3.29499492654919	3.44828765514473	3.14170219795365	3.52532550657181	3.06466434652657	3.29499492654919	3.33431020936351	3.25567964373487
CRUK0764	1.40349465045918	1.76713884096686	1.03985045995151	1.96765812507118	0.839331175847192	1.40349465045918	1.78444194721503	1.02254735370333
CRUK0704	2.16234824324448	3.06824096897368	0.917575961441266	3.35219512311131	0.633621807303642	2.16234824324448	3.0763447874385	0.921997089999515
CRUK0745	3.25427504703965	3.45899534199219	3.04955475208711	3.63439818379978	2.87415191027951	3.25427504703965	3.39565768065257	3.11289241342673
CRUK0861	3.62633574511802	3.81189283663535	3.44077865360069	3.84422497094995	3.40844651928609	3.62633574511802	3.81189283663535	3.44077865360069
CRUK0893	2.5797365625808	2.5797365625808	2.5797365625808	2.5797365625808	2.5797365625808	2.5797365625808	2.5797365625808	2.5797365625808
CRUK0872	2.73239250495086	2.87680490832541	2.5879801015763	2.98054637110741	2.4842386387943	2.73239250495086	2.83429246333774	2.63049254656398
CRUK0817	3.33615133701047	3.64880506150683	2.94832604240007	3.7572618942575	2.8398692096494	3.33615133701047	3.5494071136591	3.01043241547133
CRUK0810	1.64074949432737	2.64618299274917	0.535586078830561	3.03600940711016	0.145759664469572	1.64074949432737	2.4074680510045	0.588046614433093
