m1.s.avg	m1.s.max	m1.s.min	m1.s.adj	m1.s.rev	m2.s.avg	m2.s.max	m2.s.min
CRUK0150	4.30049979986757	4.49240120458757	4.04797570125302	4.94961368542178	3.59076322041881	4.30049979986757	4.52850989286336	4.0035268047126
CRUK0117	1.57441875894191	1.54634871033295	1.60248880755088	1.84612875748932	1.3027087603945	1.57441875894191	1.59006319792654	1.55877431995729
CRUK0128	2.82435332331405	2.82435332331405	2.82435332331405	2.82435332331405	2.82435332331405	2.82435332331405	2.82435332331405	2.82435332331405
CRUK0134	4.41066386321725	4.65304367825555	4.01711621064941	5.00355988333576	3.6666000055692	4.41066386321725	4.67337560224182	4.11495843994327
CRUK0146	4.60308360658709	4.75798530450909	4.45126747443876	4.9989916702706	4.21026110867725	4.60308360658709	4.83853608939975	4.35696187231166
CRUK0196	4.49812322132858	4.52240170706394	4.47384473559322	4.57486016734095	4.42138627531621	4.49812322132858	4.52810881700628	4.46813762565087
CRUK0124	3.41534904779232	3.53229340579635	3.29840468978829	3.64958058382851	3.18111751175613	3.41534904779232	3.53229340579635	3.29840468978829
CRUK0199	2.66967595844044	2.66967595844044	2.66967595844044	2.66967595844044	2.66967595844044	2.66967595844044	2.66967595844044	2.66967595844044
CRUK0182	2.36284725827239	2.45868963481936	2.26700488172541	2.70734675363937	2.0183477629054	2.36284725827239	2.47142738219726	2.25426713434751
CRUK0183	3.96064735771099	3.96064735771099	3.96064735771099	3.96064735771099	3.96064735771099	3.96064735771099	3.96064735771099	3.96064735771099
CRUK0129	3.9797900052578	4.35184809987483	3.59501385932791	4.86595749123034	3.08090446797239	3.9797900052578	4.22021211841783	3.73504924788822
CRUK0157	3.51729631328372	3.98299488088303	3.12604799082899	4.41611996137934	2.69292291033268	3.51729631328372	3.98229655155112	3.11318989321432
CRUK0118	3.9606565518604	4.16222050624653	3.75909259747427	4.25768752318799	3.66362558053281	3.9606565518604	4.21016013778254	3.71115296593827
CRUK0142	3.57623463610652	3.71088898164074	3.4415802905723	3.89862542724295	3.2538438449701	3.57623463610652	3.65548218585959	3.49698708635346
CRUK0115	3.93117613988552	3.92134821134072	3.94100406843032	4.04908268934718	3.81326959042387	3.93117613988552	3.97112996563121	3.89122231413984
CRUK0178	4.07049671040311	4.44930148166956	3.79408185779847	5.03997565600769	3.20340768346034	4.07049671040311	4.52817654054554	3.79059002539016
CRUK0259	3.5485674457408	3.5193053231434	3.57782956833821	3.78094943535613	3.31618545612548	3.5485674457408	3.55751824468895	3.53961664679266
CRUK0270	3.83956606057345	4.26048870346719	3.50775841884063	4.84265171912761	2.92559540318021	3.83956606057345	4.12643381556364	3.50038709201915
CRUK0235	2.24156464923756	2.74286194076123	1.84224807688126	2.92493322695959	1.6601767906829	2.24156464923756	2.63910062337668	1.81126417853051
CRUK0296	4.15714688009074	4.15484306495036	4.15945069523111	4.2323963953863	4.08189736479516	4.15714688009073	4.17589966251714	4.13839409766433
CRUK0253	2.88160544724048	3.38645129410517	2.27382882577871	4.04070173147659	1.61957838840729	2.88160544724048	3.22795478265845	2.27382882577871
CRUK0290	4.25262294259532	4.52657274636057	3.97867313883007	4.99453143581656	3.51071444937408	4.25262294259532	4.52657274636057	3.97867313883007
CRUK0285	2.05774386936863	2.05774386936863	2.05774386936863	2.05774386936863	2.05774386936863	2.05774386936863	2.05774386936863	2.05774386936863
CRUK0272	3.91577959178807	4.44367415762457	3.36181102274628	4.84797258743296	2.95751259293789	3.91577959178807	4.48172605983658	3.34844257594463
CRUK0279	2.16275346983882	2.16275346983882	2.16275346983882	2.16275346983882	2.16275346983882	2.16275346983882	2.16275346983882	2.16275346983882
CRUK0223	4.37888007277666	5.38320263202707	3.68295483161755	6.34960696326334	2.71655050038129	4.37888007277665	5.4182221453006	3.87513482616959
CRUK0293	4.48135093643841	5.01073319596268	3.95196867691414	5.42497999964549	3.53772187323133	4.48135093643841	5.11078685571253	3.85191501716429
CRUK0232	4.33784612725907	4.54987430258985	4.12581795192829	4.77984006857567	3.89585218594248	4.33784612725907	4.54987430258985	4.12581795192829
CRUK0287	3.83765731067044	3.89712660081752	3.77818802052335	3.98340580445758	3.6919088168833	3.83765731067044	3.91901364422192	3.75630097711896
CRUK0271	4.48621047614332	4.80591380765894	4.20411336255369	5.01334361545489	3.99668355475775	4.48621047614331	4.84888637185083	4.17757249919019
CRUK0273	4.1361606999193	4.32102699492795	3.95129440491066	4.51535935620429	3.75696204363432	4.13616069991931	4.29904093258201	3.9732804672566
CRUK0276	3.93082899220467	4.12131444465793	3.74003547160527	4.51656699700621	3.34478291925699	3.93082899220467	4.12322932090197	3.83084913505352
CRUK0242	3.65113315377733	4.05060442917672	3.37099081158671	4.28138868313872	3.14020655762471	3.65113315377733	4.05889289610403	3.40386515937093
CRUK0245	4.13388875744874	4.1943058351704	4.07347167972709	4.310647567852	3.95712994704549	4.13388875744874	4.20028451295437	4.06749300194311
CRUK0201	3.20207759884217	3.20207759884217	3.20207759884217	3.20207759884217	3.20207759884217	3.20207759884217	3.20207759884217	3.20207759884217
CRUK0206	3.81648166090262	4.11672817291912	3.6084134679887	4.43574768908074	3.28939395182708	3.81648166090261	4.07944094762535	3.62371457713459
CRUK0241	4.31986006626152	4.61130059196393	3.94390476694627	5.27924897608724	3.27595638282296	4.31986006626152	4.53713330810597	4.12690320533014
CRUK0297	1.39870749932159	1.39870749932159	1.39870749932159	1.39870749932159	1.39870749932159	1.39870749932159	1.39870749932159	1.39870749932159
CRUK0284	3.07680381644802	3.51417786588228	2.69818202500555	4.36265010698269	1.84970978390514	3.07680381644802	3.61163158804254	2.73748894824563
CRUK0233	2.67774576122194	2.68569082246422	2.66980069997966	2.85395192045971	2.50153960198417	2.67774576122194	2.74007590923584	2.61541561320804
CRUK0280	3.24554071010252	3.44954984418422	3.00781895768836	3.76857536319374	2.68879343867884	3.24554071010252	3.37866514774011	3.10154711936005
CRUK0247	2.2168897331429	2.32272267704907	2.11105678923672	2.42448705365356	2.00929241263223	2.2168897331429	2.37157181431821	2.06220765196758
CRUK0213	3.23696731929145	3.23696731929145	3.23696731929145	3.23696731929145	3.23696731929145	3.23696731929145	3.23696731929145	3.23696731929145
CRUK0286	3.2618000644856	3.36648504372296	3.12832848442171	3.61858607168635	2.87622745645832	3.2618000644856	3.32748806941459	3.13083580909778
CRUK0256	3.86062513743528	3.86062513743528	3.86062513743528	3.86062513743528	3.86062513743528	3.86062513743528	3.86062513743528	3.86062513743528
CRUK0274	2.89421900229028	3.33120803210305	2.36382908353546	4.08109456587955	1.61394254975897	2.89421900229028	3.31194029135616	2.3432323260883
CRUK0244	4.26210099148125	4.26210099148125	4.26210099148125	4.26210099148125	4.26210099148125	4.26210099148125	4.26210099148125	4.26210099148125
CRUK0212	2.99506476270627	2.99506476270627	2.99506476270627	2.99506476270627	2.99506476270627	2.99506476270627	2.99506476270627	2.99506476270627
CRUK0299	3.65563274528788	3.74038493645014	3.57088055412562	4.23104658698595	3.08021890358981	3.65563274528788	4.03974246749548	3.27152302308028
CRUK0240	4.03868100964845	4.04183500761104	4.03552701168586	4.38621924772151	3.69114277157539	4.03868100964845	4.05117889133216	4.02618312796474
CRUK0392	3.396132281976	3.79847160287437	3.10060168741399	4.56957918535051	2.32949410493785	3.396132281976	3.79847160287437	3.05249087683508
CRUK0381	3.87400560302941	4.29923378512321	3.14743560345418	5.16584626360082	2.28082312497657	3.87400560302941	4.29827917647643	3.14743560345418
CRUK0372	1.50131254041387	1.50131254041387	1.50131254041387	1.50131254041387	1.50131254041387	1.50131254041387	1.50131254041387	1.50131254041387
CRUK0361	3.62101532623038	4.76016024967708	2.53991216268026	5.30296750355174	1.99710490880559	3.62101532623038	4.84658380791224	2.52238707828493
CRUK0380	3.59380061208979	3.92167190869556	3.32998563798672	4.34948412955438	2.9021734171279	3.59380061208979	3.88386844104974	3.37269092839026
CRUK0329	3.6972146404542	3.96917796301542	3.42525131789298	4.31464904317708	3.07978023773132	3.6972146404542	4.0425738901695	3.3518553907389
CRUK0315	4.16115176178278	4.21943029052677	4.10287323303879	4.30639161051906	4.01591191304651	4.16115176178278	4.21286289460366	4.10944062896191
CRUK0352	3.9573680789889	4.49549625698752	3.41923990099028	4.9937122210857	2.92102393689211	3.9573680789889	4.42453927564447	3.49019688233334
CRUK0310	3.66706740001527	3.7842285342031	3.54990626582744	3.95422835695393	3.37990644307661	3.66706740001527	3.67093018746064	3.6632046125699
CRUK0371	3.65540004188646	3.69176707128276	3.61903301249017	3.76504811591809	3.54575196785484	3.65540004188646	3.67585276829823	3.6349473154747
CRUK0331	4.18008558649268	4.80578313955534	3.63565394836364	5.55335749926994	2.88807958864904	4.18008558649268	4.80578313955534	3.6425623182502
CRUK0344	3.93124258041436	4.11070069888816	3.75178446194056	4.65515370809287	3.20733145273586	3.93124258041436	4.11070069888816	3.75178446194056
CRUK0313	1.24644149950242	1.24644149950242	1.24644149950242	1.24644149950242	1.24644149950242	1.24644149950242	1.24644149950242	1.24644149950242
CRUK0369	3.75335457058896	4.357828300026	2.04689251415424	5.58478373317931	0.819937081000933	3.75335457058896	4.32437495736532	1.98158130031523
CRUK0312	4.41396184135711	4.4718594237913	4.35606425892293	4.59912247662282	4.22880120609141	4.41396184135711	4.47396789001942	4.3539557926948
CRUK0328	3.87849919305582	3.87849919305582	3.87849919305582	3.87849919305582	3.87849919305582	3.87849919305582	3.87849919305582	3.87849919305582
CRUK0375	1.61461929396516	2.14455642651653	1.08468216141379	2.52539502783429	0.70384356009603	1.61461929396516	2.14455642651653	1.08468216141379
CRUK0388	2.88652088987125	3.40592364279974	2.50046763656237	4.16544054365254	1.74095073570957	2.88652088987125	3.4489178128321	2.46597422868161
CRUK0308	3.30890591995319	3.56604050895416	3.05177133095222	3.82704863247541	2.79076320743097	3.30890591995319	3.67193624131896	2.94587559858742
CRUK0370	2.90455870740261	2.92959637356399	2.87952104124124	3.02755682770639	2.78156058709884	2.90455870740261	2.92193003741657	2.88718737738866
CRUK0386	3.11480140313499	3.11480140313499	3.11480140313499	3.11480140313499	3.11480140313499	3.11480140313499	3.11480140313499	3.11480140313499
CRUK0322	3.46489763184257	4.21762474441746	2.57920344396216	4.92788581745793	1.86894237092168	3.46489763184257	4.22161058788647	2.57920344396216
CRUK0316	3.97809159333366	4.11178305672154	3.8706226279801	4.25971965641242	3.72268602828923	3.97809159333366	4.11905166431087	3.85064371073894
CRUK0301	2.85700240402548	2.85700240402548	2.85700240402548	2.85700240402548	2.85700240402548	2.85700240402548	2.85700240402548	2.85700240402548
CRUK0333	2.83303454171284	3.17718248503933	2.62719192584407	3.6729007877697	2.13147362311371	2.83303454171284	3.13706927364963	2.67064764355034
CRUK0379	3.49257450108694	4.58647215913607	2.54776201073777	5.50535617296456	1.62887799690928	3.49257450108694	4.60402932287261	2.54776201073777
CRUK0377	3.17605940786943	3.17605940786943	3.17605940786943	3.17605940786943	3.17605940786943	3.17605940786943	3.17605940786943	3.17605940786943
CRUK0394	4.77068081154099	4.97697511683384	4.5537282858639	5.16826167355741	4.36244172914033	4.77068081154099	4.95697912436568	4.53060663087964
CRUK0393	3.2341976032835	3.56408018071777	2.7535166247291	3.91837997473383	2.39921683071304	3.2341976032835	3.52481285300316	2.75428411957045
CRUK0368	2.48809994366332	2.63808987498455	2.33811001234208	2.87265267659107	2.10354721073556	2.48809994366332	2.76972022259184	2.20647966473479
CRUK0319	1.60890277564474	1.60890277564474	1.60890277564474	1.60890277564474	1.60890277564474	1.60890277564474	1.60890277564474	1.60890277564474
CRUK0318	3.44229946381458	3.44229946381458	3.44229946381458	3.44229946381458	3.44229946381458	3.44229946381458	3.44229946381458	3.44229946381458
CRUK0396	3.67871133850024	3.83659635569574	3.52082632130475	3.99045345042876	3.36696922657173	3.67871133850024	3.78839553736534	3.56902713963515
CRUK0303	3.22506575539658	3.50304126684601	2.94709024394715	3.58799315568684	2.86213835510631	3.22506575539658	3.48866637498772	2.96146513580544
CRUK0350	3.90867381559006	4.04417695137864	3.77317067980149	4.17916714498578	3.63818048619435	3.90867381559006	4.04450040548634	3.77284722569378
CRUK0334	3.41169143296601	3.41169143296601	3.41169143296601	3.41169143296601	3.41169143296601	3.41169143296601	3.41169143296601	3.41169143296601
CRUK0384	4.42046096402095	4.49627496595353	4.34464696208836	4.77743586150094	4.06348606654095	4.42046096402095	4.49627496595353	4.34464696208836
CRUK0337	4.11813788319748	4.11813788319748	4.11813788319748	4.11813788319748	4.11813788319748	4.11813788319748	4.11813788319748	4.11813788319748
CRUK0373	3.37834877264686	3.37834877264686	3.37834877264686	3.37834877264686	3.37834877264686	3.37834877264686	3.37834877264686	3.37834877264686
CRUK0359	3.00117241586503	3.29004485231328	2.71229997941678	3.48505909309789	2.51728573863217	3.00117241586503	3.29004485231328	2.71229997941678
CRUK0343	3.19982873970313	3.59323624242024	2.43605854863356	4.33233397648864	1.69696081456516	3.19982873970313	3.61526169674795	2.40725744019549
CRUK0321	3.04986933524181	3.17428051623985	2.92545815424377	3.34630406575879	2.75343460472484	3.04986933524181	3.17784764882117	2.92189102166245
CRUK0385	3.97634619518421	4.34104873375227	3.64082280741193	4.68113534242796	3.30073619873624	3.9763461951842	4.33984534858015	3.56128247316694
CRUK0311	2.3454280280345	2.93664961596695	1.72509404546336	3.66626725875689	0.995476402673414	2.3454280280345	2.94376849099922	1.85316949000985
CRUK0460	3.30196491985689	3.54476270039162	3.04755605979489	4.00381494177722	2.58850381840929	3.30196491985689	3.44183350955694	3.10725946237604
CRUK0492	2.19085400837189	2.19085400837189	2.19085400837189	2.19085400837189	2.19085400837189	2.19085400837189	2.19085400837189	2.19085400837189
CRUK0487	3.55897368871692	4.24854501615292	2.44110834449868	4.75871757681898	1.93093578383262	3.55897368871692	4.33101201639905	2.418371838258
CRUK0495	4.10948605300874	4.63997744670725	3.85128246943871	5.32869662775683	3.16256328838913	4.10948605300874	4.40548995096683	3.94112978423639
CRUK0408	3.81144268675306	3.81144268675306	3.81144268675306	3.81144268675306	3.81144268675306	3.81144268675306	3.81144268675306	3.81144268675306
CRUK0497	4.68742213214958	4.73384174194117	4.62491989217979	5.35389085745495	4.00487077666601	4.68742213214958	4.81521263659754	4.52885904413768
CRUK0422	3.47249184101188	3.93756492902785	3.0074187529959	4.12031457799073	2.82466910403301	3.47249184101188	3.93756492902785	3.0074187529959
CRUK0410	3.76797684137617	4.43528295265937	3.09060042178979	5.16067994769597	2.36520342675319	3.76797684137618	4.74300218418575	3.08040824516353
CRUK0412	4.18378938078176	4.46783494413185	3.69690328324948	4.74827352610874	3.41646470127259	4.18378938078176	4.45696328275041	3.67570065765792
CRUK0420	2.81489025197298	3.81449447300477	1.8152860309412	4.35245887650144	1.27732162744453	2.81489025197298	3.81504757284316	1.81473293110281
CRUK0488	4.85977161712431	4.85977161712431	4.85977161712431	4.85977161712431	4.85977161712431	4.85977161712431	4.85977161712431	4.85977161712431
CRUK0401	2.51302274077019	2.71439164603897	2.31165383550141	2.93642312555289	2.08962235598749	2.51302274077019	2.71439164603897	2.31165383550141
CRUK0448	4.02133324685543	4.22275468287669	3.77427722544158	4.52987039966334	3.46716150865493	4.02133324685543	4.20485329367738	3.77207753606743
CRUK0496	4.58751048490298	4.90917679250862	4.25717043069903	5.64660157647618	3.51974564673147	4.58751048490298	4.94288223257305	4.25716197901975
CRUK0452	3.97388457005173	4.11973389530704	3.8292013413578	4.57127574261857	3.37765949404627	3.97388457005173	4.09121801779008	3.86592216680492
CRUK0472	4.5365870708862	4.63465709938274	4.36586474694349	4.98397205204889	4.01654979427733	4.5365870708862	4.72717973334913	4.2604735115826
CRUK0434	3.96652427544373	4.11025074424881	3.88288487329735	4.65579921083057	3.33733640671559	3.96652427544373	4.01766641131922	3.9239274309557
CRUK0431	3.30359936462948	3.40643586710344	3.20076286215552	3.54459822084567	3.06260050841329	3.30359936462948	3.45706228239939	3.15013644685956
CRUK0451	2.91816039857961	3.22847293713553	2.68343981302635	3.60170143970109	2.31021131046079	2.91816039857961	3.25735561155852	2.72548817983786
CRUK0447	4.09644569175897	4.09644569175897	4.09644569175897	4.09644569175897	4.09644569175897	4.09644569175897	4.09644569175897	4.09644569175897
CRUK0404	2.95406635258193	3.27779628833582	2.63033641682804	3.5023785169813	2.40575418818256	2.95406635258193	3.30311441070301	2.60501829446086
CRUK0463	5.3180360881556	5.56455245127392	5.07151972503728	5.65735455012192	4.97871762618927	5.3180360881556	5.56455245127392	5.07151972503728
CRUK0419	4.34586457554306	4.34586457554306	4.34586457554306	4.34586457554306	4.34586457554306	4.34586457554306	4.34586457554306	4.34586457554306
CRUK0484	4.06630726403642	4.90030931100649	3.30642153437343	5.34653238479438	2.86019846058554	4.06630726403642	5.02550151468874	3.47819357071561
CRUK0450	2.52715390895822	2.76105459729664	2.2932532206198	2.94120691788643	2.11310090003001	2.52715390895822	2.76754342520153	2.28676439271491
CRUK0403	3.41160465746175	3.94320452739151	2.77973476637894	4.33522520367901	2.38771409009144	3.41160465746175	3.97504398955858	2.77973476637894
CRUK0467	4.85894443323542	4.85894443323542	4.85894443323542	4.85894443323542	4.85894443323542	4.85894443323542	4.85894443323542	4.85894443323542
CRUK0485	2.60124969561198	2.95014002506081	2.35386278335403	3.20368690165539	2.10031590675946	2.60124969561198	2.87371348778604	2.40456681305893
CRUK0416	3.24392688436368	3.49196966180929	2.8487438498829	3.79483506074465	2.54587845094755	3.24392688436368	3.63975231580351	2.72506268360809
CRUK0462	2.46557944692397	2.9334206301234	2.00202975409943	3.36328283028626	1.57216755393657	2.46557944692397	2.97735262145149	2.04066990634497
CRUK0476	4.13369235992667	4.65232444976745	3.77551630148168	5.11392135119922	3.31391940004991	4.13369235992667	4.60689559067154	3.74239355551296
CRUK0418	3.65940841948213	3.65940841948213	3.65940841948213	3.65940841948213	3.65940841948213	3.65940841948213	3.65940841948213	3.65940841948213
CRUK0465	3.48566999255883	3.48566999255883	3.48566999255883	3.48566999255883	3.48566999255883	3.48566999255883	3.48566999255883	3.48566999255883
CRUK0406	3.59915925246876	3.78555858369319	3.35501709856213	4.17162776545393	2.96894791680138	3.59915925246876	3.79753643482384	3.2609327134521
CRUK0423	4.39535101099461	4.5605373692485	4.2609507469988	4.86423869391537	3.95724942233194	4.39535101099461	4.56998460508008	4.28341423266184
CRUK0478	4.36505467813249	4.3917816680843	4.33832768818068	4.57016270341334	4.15994665285164	4.36505467813249	4.39752944845124	4.33257990781375
CRUK0453	3.62846259905131	3.62846259905131	3.62846259905131	3.62846259905131	3.62846259905131	3.62846259905131	3.62846259905131	3.62846259905131
CRUK0444	4.31716123442113	4.5969991116219	4.03732335722036	4.92949778824815	3.70482468059411	4.31716123442113	4.7062911974707	3.92803127137157
CRUK0594	4.90856775560983	4.90856775560983	4.90856775560983	4.90856775560983	4.90856775560983	4.90856775560983	4.90856775560983	4.90856775560983
CRUK0542	3.53175086192026	3.86999610912395	3.19350561471658	4.08505014131592	2.9784515825246	3.53175086192026	3.85411166664517	3.20939005719536
CRUK0573	4.07917010222415	4.18125534561731	3.92012661895609	4.49751583893638	3.60386612563702	4.07917010222415	4.19424984924283	3.97230173298433
CRUK0579	3.84449283006904	4.26902355611241	3.51958926683229	4.8020633822877	2.986549440657	3.84449283006904	4.26902355611241	3.45583510499163
CRUK0514	3.66900824961435	3.78184086957751	3.55617562965118	4.09809133214571	3.23992516708298	3.66900824961435	3.90403831067958	3.43397818854911
CRUK0584	3.78217961727825	3.75066215966854	3.81369707488797	4.21091251797854	3.35344671657797	3.78217961727825	4.03660346317068	3.52775577138582
CRUK0510	4.31832194746351	4.9014917533857	3.66643292199923	5.56970531797037	2.99821935741455	4.31832194746351	4.78752980302971	3.67151228076234
CRUK0525	3.94222754313029	4.21246296794181	3.67199211831877	4.34820414329499	3.53625094296559	3.94222754313029	4.12560276307894	3.75885232318164
CRUK0598	3.66435039354174	3.66435039354174	3.66435039354174	3.66435039354174	3.66435039354174	3.66435039354174	3.66435039354174	3.66435039354174
CRUK0563	3.38760762786464	3.98814451322448	2.81721591585642	4.52216839987391	2.28319202920699	3.38760762786464	4.08208515178568	2.74633301559215
CRUK0566	4.78930497403469	4.89600157392956	4.68260837413982	5.25368981372142	4.32492013434796	4.78930497403469	4.88063214463426	4.69797780343511
CRUK0541	4.18037095260923	4.24680688724697	4.11393501797149	4.35158571488625	4.00915619033221	4.18037095260923	4.25047400104744	4.11026790417102
CRUK0597	4.35238689312409	4.63659563355158	4.06817815269661	5.2906338466677	3.41413993958048	4.35238689312409	4.63659563355158	4.06817815269661
CRUK0592	3.43246934096225	3.60006411112707	3.21139779645489	3.78871759380313	3.02274431377883	3.43246934096225	3.56315128333604	3.2085144381458
CRUK0535	4.03144826716026	5.11149933851919	2.60721907102125	5.89711861953705	1.82159979000338	4.03144826716026	5.20167327380586	2.5960898984805
CRUK0565	3.50831209735132	3.84098033446015	3.14742654009352	4.53741221922191	2.45099465533176	3.50831209735132	3.80594941869176	2.9876328652848
CRUK0578	3.30455558471737	3.30455558471737	3.30455558471737	3.30455558471737	3.30455558471737	3.30455558471737	3.30455558471737	3.30455558471737
CRUK0590	4.13182854089082	4.5237378657759	3.7575584492279	5.23892097077718	3.04237534422663	4.13182854089082	4.35036571366335	3.7397566042122
CRUK0519	3.88648477225695	4.12029906613057	3.62303264978853	4.67687204485189	3.06645967106722	3.88648477225695	4.15620364948561	3.68634736270057
CRUK0557	4.1555372097033	5.14946552379584	3.45607948625993	5.59474068055789	3.01080432949788	4.1555372097033	5.2009400756483	3.60908193253081
CRUK0533	2.7732789745289	3.204196096777	2.4565042766655	3.59403109995007	2.06666927349243	2.7732789745289	3.31756866271842	2.49126057589553
CRUK0527	3.67538197080983	4.30281351975482	3.21824533637342	4.7463001136481	2.77475874248014	3.67538197080983	4.3312810780952	3.27149116583893
CRUK0505	4.21032491829031	4.276950689346	4.14369914723462	4.66766646024853	3.75298337633208	4.21032491829031	4.21242986993262	4.208219966648
CRUK0581	3.28244724092685	3.33089006785088	3.23400441400282	3.43208964439121	3.13280483746249	3.28244724092685	3.31942736397728	3.24546711787642
CRUK0537	2.28363423406411	3.24929184332653	1.3179766248017	4.0891958511646	0.478072616963621	2.28363423406411	3.24929184332653	1.3179766248017
CRUK0556	2.70373345281133	2.70373345281133	2.70373345281133	2.70373345281133	2.70373345281133	2.70373345281133	2.70373345281133	2.70373345281133
CRUK0555	3.40509517345315	4.01457240449089	2.79561794241541	4.37629923172435	2.43389111518194	3.40509517345315	4.08170190546477	2.72848844144152
CRUK0586	4.16220674253526	4.42966264082091	3.89475084424961	4.65964669518156	3.66476678988896	4.16220674253526	4.38555210422717	3.93886138084334
CRUK0530	1.82731413915708	2.62681890081762	1.02780937749655	3.0073431089716	0.647285169342572	1.82731413915708	2.62681890081762	1.02780937749655
CRUK0582	3.84732964684844	3.84732964684844	3.84732964684844	3.84732964684844	3.84732964684844	3.84732964684844	3.84732964684844	3.84732964684844
CRUK0549	4.02915291112211	4.75127213452732	3.31355633497018	5.28098066823501	2.78384780126249	4.02915291112211	4.76080972426151	3.31535181336928
CRUK0503	4.20963404565017	4.20963404565017	4.20963404565017	4.20963404565017	4.20963404565017	4.20963404565017	4.20963404565017	4.20963404565017
CRUK0550	4.28417182641574	4.33017512343916	4.23816852939232	4.39556359394907	4.17278005888241	4.28417182641574	4.2919642840448	4.27637936878668
CRUK0528	3.67047977452261	4.21387581984878	3.25219154745729	4.54286370126181	2.92320366604426	3.67047977452261	4.27890679350531	3.31790040643662
CRUK0559	3.00800237681413	3.18417663546588	2.83182811816238	3.26350251060197	2.7525022430263	3.00800237681413	3.17797502309434	2.83802973053392
CRUK0516	3.91896530626716	4.30259033497298	3.23240867099221	4.79996301131561	2.73503599464958	3.91896530626716	4.22333084626679	3.24167811735503
CRUK0540	3.82724652495732	3.82724652495732	3.82724652495732	3.82724652495732	3.82724652495732	3.82724652495732	3.82724652495732	3.82724652495732
CRUK0570	2.8925172838863	3.25032963061721	2.5347049371554	3.49114263555982	2.29389193221278	2.8925172838863	3.25032963061721	2.5347049371554
CRUK0596	4.12563667567248	4.51616639755646	3.62343909423005	5.18078601933004	2.95881947245647	4.12563667567248	4.4031013898636	3.58833718745394
CRUK0513	3.56064250864699	3.9186228594997	3.20280997952702	4.2461712114401	2.87526162758661	3.56064250864699	3.80031305230653	3.31232253373729
CRUK0504	3.60668708079688	3.6840970078961	3.52927715369766	3.74802978102239	3.46534438057138	3.60668708079688	3.61420950371118	3.59916465788258
CRUK0569	2.46757229605296	2.46757229605296	2.46757229605296	2.46757229605296	2.46757229605296	2.46757229605296	2.46757229605296	2.46757229605296
CRUK0548	3.63461410526139	3.71821398878833	3.55101422173445	3.78577574659304	3.48345246392974	3.63461410526139	3.72315220828617	3.5460760022366
CRUK0521	2.26423847064294	2.26423847064294	2.26423847064294	2.26423847064294	2.26423847064294	2.26423847064294	2.26423847064294	2.26423847064294
CRUK0512	3.77119628926855	3.83514283334746	3.70724974518965	3.95880346698428	3.58358911155283	3.77119628926855	3.85527764063133	3.68711493790577
CRUK0589	4.56138484153865	4.71609426809867	4.40667541497863	5.04184151482712	4.08092816825018	4.56138484153865	4.70167845508158	4.42109122799572
CRUK0543	3.20488999659449	3.65797873086589	2.88658740518858	4.01875765075277	2.52580848530171	3.20488999659449	3.59532304221222	2.99936752706648
CRUK0520	2.93303888749816	3.07234931597885	2.79372845901747	3.20609678556584	2.65998098943048	2.93303888749816	3.06681915583008	2.79925861916624
CRUK0553	4.16597341334852	4.20103149870652	4.13091532799052	4.39826527947011	3.93368154722692	4.16597341334852	4.20103149870652	4.13091532799052
CRUK0518	3.42113120650078	3.62405494375414	3.21820746924741	3.80790154138516	3.03436087161639	3.42113120650078	3.66045394175171	3.18180847124984
CRUK0524	3.99594670112793	4.26020721256443	3.73168618969143	4.55094162910174	3.44095177315413	3.99594670112793	4.23518013135766	3.75671327089821
CRUK0567	3.00068313700715	3.32264189097918	2.79174799479528	4.04945861762995	2.06493126814451	3.00068313700715	3.31361090185279	2.82874799490089
CRUK0511	3.62184388360475	3.62184388360475	3.62184388360475	3.62184388360475	3.62184388360475	3.62184388360475	3.62184388360475	3.62184388360475
CRUK0552	3.71232066989227	3.97894535284948	3.46288384850265	4.27040074148958	3.17142845986255	3.71232066989227	3.79629682777548	3.61942768099273
CRUK0684	2.71285010521797	2.762342775564	2.66335743487194	2.87102822293329	2.55467198750265	2.71285010521797	2.78110800408606	2.64459220634988
CRUK0610	2.0726917745093	2.56937634829328	1.60035649386643	2.92925848111021	1.2404743610495	2.0726917745093	2.56937634829328	1.60035649386643
CRUK0692	4.32276414335459	4.4490624131039	4.19646587360529	4.52425612077666	4.12127216593253	4.32276414335459	4.35384369225444	4.29168459445475
CRUK0681	4.41485953759872	4.66804711523983	4.13036165197236	5.17519892933009	3.6232098378821	4.41485953759872	4.68562776548077	3.98638232940337
CRUK0620	4.36050547240678	5.06899103266802	3.08270834181137	5.82418370442788	2.3275156700515	4.36050547240678	5.06672591049963	3.01978422882909
CRUK0667	4.04307202790927	4.44483866125036	3.74107046301752	4.80149851820383	3.38441060606405	4.04307202790927	4.30870812132416	3.70976218969592
CRUK0686	3.52926420293595	3.70090825156422	3.35762015430767	3.88682739392179	3.1717010119501	3.52926420293595	3.68565380191687	3.37287460395502
CRUK0666	3.82297269240627	4.17944602811387	3.40366949920904	4.51182369487357	3.07129183244934	3.82297269240627	4.05547582401961	3.4209292913901
CRUK0625	3.9526355640354	4.04556741834351	3.85970370972729	4.15240675786072	3.75286437021008	3.9526355640354	4.04542068018412	3.85985044788667
CRUK0696	3.64562379523824	3.77318530033177	3.51638245164716	4.14745923104064	3.14210852093829	3.64562379523824	3.67762786186542	3.62379090393615
CRUK0691	1.9833038008651	1.9833038008651	1.9833038008651	1.9833038008651	1.9833038008651	1.9833038008651	1.9833038008651	1.9833038008651
CRUK0638	4.3069828199892	4.3069828199892	4.3069828199892	4.3069828199892	4.3069828199892	4.3069828199892	4.3069828199892	4.3069828199892
CRUK0674	3.18051925612571	3.91317521213042	1.9324098819698	4.5497986482891	1.29578644581111	3.18051925612571	3.82148184033902	1.9324098819698
CRUK0693	4.24671506557158	4.58774535791471	3.997127261166	4.85229825445843	3.73257436462229	4.24671506557159	4.55271634255311	4.00554620032814
CRUK0628	3.00318244622685	3.00318244622685	3.00318244622685	3.00318244622685	3.00318244622685	3.00318244622685	3.00318244622685	3.00318244622685
CRUK0682	4.21228548642524	4.36652172168044	4.06752843484324	4.56690409583536	3.86714606068831	4.21228548642524	4.3395509906155	4.06228161732488
CRUK0609	4.31341430646105	4.38606936775794	4.24075924516417	4.4928093796263	4.13401923329581	4.31341430646105	4.4581178298534	4.16871078306871
CRUK0606	4.15004227814561	4.48077530463228	3.87668002302473	4.88415453173741	3.4733007959196	4.15004227814561	4.52270282191898	3.8700548288063
CRUK0678	3.50731479504557	3.61136515970165	3.4032644303895	3.71507645451032	3.29955313558083	3.50731479504557	3.60681654479578	3.40781304529537
CRUK0640	3.17185029099563	4.15886813740506	2.72478321125051	4.68577521494096	2.19787613371462	3.17185029099563	4.16335945229767	2.81903174602419
CRUK0644	3.93579825375855	4.18629632188018	3.38007403188676	4.71421043664833	2.85215991711861	3.93579825375855	4.43779369046423	3.25116397759433
CRUK0650	3.19155450265788	3.36134110977895	3.02176789553681	3.68001160926915	2.7030973960466	3.19155450265788	3.35697645533775	3.02613254997801
CRUK0607	3.62071346584744	3.7736233787086	3.4153472436204	4.15490352701381	3.03406709531518	3.62071346584744	3.76806625260096	3.39778679606692
CRUK0680	3.66044726134012	4.19464773371013	3.26707387367569	4.54429702539005	2.91742458199577	3.66044726134013	4.2253605062032	3.2561335711434
CRUK0617	4.62218625886627	4.68398068700999	4.55710191973659	5.01737146966513	4.22371113708144	4.62218625886627	4.66865445315137	4.55236276347642
CRUK0616	4.12690348319815	4.33798531696796	3.91582164942835	4.59769028413795	3.65611668225837	4.12690348319816	4.26443978310123	3.98936718329508
CRUK0649	4.28783825393869	4.28372510415646	4.29195140372092	4.41670110526432	4.15897540261307	4.28783825393869	4.31056144763322	4.26511506024416
CRUK0634	3.37914638233046	3.37914638233046	3.37914638233046	3.37914638233046	3.37914638233046	3.37914638233046	3.37914638233046	3.37914638233046
CRUK0679	4.07517182687257	4.22961449398541	3.92072915975973	4.3284026785166	3.82194097522854	4.07517182687257	4.25061860936265	3.89972504438249
CRUK0698	3.15883217915649	3.56751560136172	2.73031583574183	4.1123289573506	2.18550247975295	3.15883217915649	3.56751560136172	2.67087237558489
CRUK0709	3.38902078760821	3.55868106220287	3.21936051301354	3.6830352391709	3.09500633604551	3.38902078760821	3.52553229725302	3.2525092779634
CRUK0768	4.77795896432314	4.8254713086621	4.73044661998418	5.02589507091548	4.5300228577308	4.77795896432314	4.80518310073218	4.7507348279141
CRUK0784	3.89439223556419	4.27574779770234	3.55749659266378	4.9314430555747	2.90180133479142	3.89439223556419	4.36955181208577	3.61080241886337
CRUK0742	3.79883559147086	3.83696236602345	3.76070881691828	3.99125708445429	3.60641409848744	3.79883559147086	3.81060679486816	3.78706438807357
CRUK0781	2.99467995203951	3.62710111669448	2.36225878738454	3.79305650470031	2.1963033993787	2.99467995203951	3.64879774283457	2.34056216124445
CRUK0731	4.51740646920178	4.71385508058072	4.32095785782283	4.8985544151874	4.13625852321615	4.51740646920178	4.78800179201909	4.24681114638446
CRUK0710	2.94952783916785	3.03251961051798	2.86653606781772	3.36175729833884	2.53729837999686	2.94952783916785	3.00454954977117	2.89450612856453
CRUK0721	3.676515634418	4.27797453900919	3.07505672982681	4.51989092351641	2.83314034531958	3.676515634418	4.29378949452741	3.05924177430858
CRUK0775	3.67959054386308	3.72240508397272	3.63677600375344	3.78934023489117	3.569840852835	3.67959054386308	3.74907000748738	3.61011108023878
CRUK0799	2.2834263096064	2.67326690526136	1.89358571395144	3.16974392099153	1.39710869822127	2.2834263096064	2.67326690526136	1.89358571395144
CRUK0730	4.43643425687937	4.43643425687937	4.43643425687937	4.43643425687937	4.43643425687937	4.43643425687937	4.43643425687937	4.43643425687937
CRUK0706	4.00559844111715	4.28285829799778	3.68780171325564	4.68714492255856	3.28351508869485	4.00559844111715	4.21926793848636	3.69296201013583
CRUK0787	3.75546578102882	3.81629234503279	3.69463921702484	3.9185190105162	3.59241255154143	3.75546578102882	3.83076759447256	3.68016396758507
CRUK0748	4.07037349831937	4.29685456465414	3.67932927410688	4.89764864517819	3.07853519358283	4.07037349831937	4.22177977269017	3.72113054674799
CRUK0707	4.07347781210853	4.08485984481167	4.06209577940539	4.23989147148557	3.90706415273148	4.07347781210853	4.1892385589161	3.95771706530095
CRUK0749	4.92328593559183	5.05580826899747	4.7966471435598	5.25205394105747	4.6004014714998	4.92328593559183	5.07941858941981	4.83529058540567
CRUK0735	3.15564624613885	3.15564624613885	3.15564624613885	3.15564624613885	3.15564624613885	3.15564624613885	3.15564624613885	3.15564624613885
CRUK0761	3.59732635504062	3.8528478290791	3.34180488100213	4.32309691518048	2.87155579490075	3.59732635504062	3.84754790470761	3.34710480537362
CRUK0717	3.01895387788025	3.38603992184608	2.78339183409582	3.66456367984177	2.50486807610013	3.01895387788025	3.31199931401933	2.74971767307519
CRUK0736	3.68393220065342	3.68393220065342	3.68393220065342	3.68393220065342	3.68393220065342	3.68393220065342	3.68393220065342	3.68393220065342
CRUK0737	3.40443501689448	4.23426886145132	2.57460117233764	4.5991270580064	2.20974297578256	3.40443501689448	4.23426886145132	2.57460117233764
CRUK0702	4.15293335996457	4.67785217091119	3.75689759740456	5.3011954283286	3.13355433998715	4.15293335996457	4.82810984866882	3.68898279499199
CRUK0766	4.12897290635155	4.28847866893302	3.96946714377009	4.4368724458486	3.8210733668545	4.12897290635155	4.2763424895056	3.9816033231975
CRUK0734	4.39693327864386	4.88568068655852	3.90818587072919	5.39757075719356	3.39629580009415	4.39693327864386	4.88568068655852	3.90818587072919
CRUK0772	4.5873736771842	4.5873736771842	4.5873736771842	4.5873736771842	4.5873736771842	4.5873736771842	4.5873736771842	4.5873736771842
CRUK0769	4.22477808200172	4.37742577804681	4.07213038595663	4.54257086376053	3.90698530024291	4.22477808200172	4.30768627718166	4.14186988682178
CRUK0756	2.79790910264618	2.82338895150944	2.77242925378293	2.89053442268667	2.70528378260569	2.79790910264618	2.86939446380651	2.72642374148585
CRUK0794	3.06631115749076	3.97181535086798	2.16080696411355	4.3866851247764	1.74593719020513	3.06631115749076	3.97181535086798	2.16080696411355
CRUK0755	3.51822669005622	3.51822669005622	3.51822669005622	3.51822669005622	3.51822669005622	3.51822669005622	3.51822669005622	3.51822669005622
CRUK0729	4.365715001472	4.37206268020663	4.34204056174843	4.60541525237666	4.1086879895784	4.36571500147199	4.37541482934166	4.356643306524
CRUK0714	4.7274906219782	5.12330013245571	4.33178126896331	5.43470221980805	4.02037918161096	4.7274906219782	5.06966795184775	4.39930649543483
CRUK0738	3.03090513980912	3.20098038502582	2.91340467333968	3.30450291615282	2.80988214221268	3.03090513980913	3.2155878371142	2.86942464850026
CRUK0733	3.38514457512619	3.46958784779911	3.30070130245327	3.60204676975646	3.16824238049591	3.38514457512619	3.50587989276191	3.26440925749046
CRUK0722	3.51809341952895	3.51809341952895	3.51809341952895	3.51809341952895	3.51809341952895	3.51809341952895	3.51809341952895	3.51809341952895
CRUK0771	4.01760057252569	4.36082477227852	3.73480470809497	4.75886798519557	3.33676149517793	4.01760057252569	4.36341032668781	3.73480470809497
CRUK0719	4.14824261085116	4.14824261085116	4.14824261085116	4.14824261085116	4.14824261085116	4.14824261085116	4.14824261085116	4.14824261085116
CRUK0718	4.61101281230196	4.72484735298123	4.4971782716227	4.90730059766793	4.31472502693599	4.61101281230196	4.66832183080181	4.55370379380212
CRUK0764	2.7517681411685	3.0509735042803	2.45256277805671	3.29521030634903	2.20832597598798	2.7517681411685	3.05867916208996	2.44485712024704
CRUK0704	2.97020961425399	3.69223542278127	1.41631581262773	4.33862534452172	0.769925890887287	2.97020961425399	3.98463442195598	1.25197593527126
CRUK0745	4.00140931208362	4.15538137730669	3.84743724686054	4.51951755308795	3.48330107107929	4.00140931208362	4.14570644471774	3.8571121794495
CRUK0861	4.6449290543152	4.76577670616369	4.52408140246671	4.95330328763216	4.33655482099824	4.6449290543152	4.76577670616369	4.52408140246671
CRUK0893	3.70642348378739	3.70642348378739	3.70642348378739	3.70642348378739	3.70642348378739	3.70642348378739	3.70642348378739	3.70642348378739
CRUK0872	3.80671322729597	3.93253135519101	3.68089509940093	4.12762515895833	3.48580129563362	3.80671322729597	3.93256864448935	3.6808578101026
CRUK0817	4.40038557982652	4.61573436551566	4.20886515131716	5.06563157361538	3.75896794321744	4.40038557982652	4.59150590492371	4.24715201353321
CRUK0810	2.56271008153762	3.53362672968276	1.35481389546854	4.46189114207268	0.426549483078625	2.56271008153762	3.39512146027235	1.38593822474226
