m1.s.avg	m1.s.max	m1.s.min	m1.s.adj	m1.s.rev	m2.s.avg	m2.s.max	m2.s.min
CRUK0150	-3.50149245709942	2.79112090812317	-3.87665134228255	-6.23219480881349	6.96521935216986	-1.52959090284069	1.08492177989923	-3.15336937835244
CRUK0117	31.8249565240824	32.7725865457226	28.3757225997612	32.4420023437668	29.263611365034	31.3843820968655	33.2171950216841	29.5515691720469
CRUK0128	35.6945286400694	36.0351783249628	33.8994851817481	53.5504415782503	1.00896687494762	36.1039603910522	36.1039603910522	36.1039603910522
CRUK0134	-11.9890054006815	-10.8476011066153	-12.2467447691566	-14.4182412520239	-8.00844860359944	-10.7570758663572	-8.02959544691971	-11.9739846483558
CRUK0146	-12.6385085059822	-13.1896617329111	-12.0708028613458	-10.5726645151602	-14.9907498309619	-11.1895562805759	-10.2871613079683	-12.0985977169687
CRUK0196	-14.1617989321302	-13.9394163788403	-14.6657845524323	-9.09566820367405	-19.2990162496007	-13.4957489554776	-13.2066915391888	-13.7848063717664
CRUK0124	52.214920650892	52.5215297787173	50.3059103497474	60.5457745902849	38.0248974817118	52.4243722748442	52.7656494102694	52.083095139419
CRUK0199	41.0979736957682	41.5657152603145	39.2835599010338	57.6332676284907	14.0381848972281	41.4301258472492	41.4301258472492	41.4301258472492
CRUK0182	24.0315255301753	23.0591597961002	23.8608547044307	29.6469872815405	16.4379808131733	24.5578783219719	25.9248009356939	23.1909557082499
CRUK0183	-12.9555194161024	-13.3280604376431	-12.9575083000039	0.369097438561593	-21.5187777558969	-12.3731621074569	-12.3731621074569	-12.3731621074569
CRUK0129	-4.62805586018492	-4.04596909202709	-5.12932718299674	-8.6452429377448	6.8274193746903	-4.12148127727226	-3.50878820158737	-4.69588622178007
CRUK0157	-8.08195039038603	-10.1374390431213	-6.11759141820756	-11.6226198608122	-4.87637246707082	-6.86929182067735	-5.06756886687031	-9.50279035082904
CRUK0118	-4.29421145481153	-5.08606602710017	-3.5856957348704	16.5240162857925	-11.0615580088215	2.67959769300884	10.7200559811109	-5.36086059509325
CRUK0142	19.6432570223676	19.308454613469	17.8568475606189	28.5096223135516	8.30077952257424	20.8531764219713	23.4704109069333	18.2359419370094
CRUK0115	15.6351782878259	17.515812513719	12.6349901432176	38.8756111985545	-6.47784852154307	16.6040244633974	16.9443632434688	16.2636856833261
CRUK0178	-8.1370563139349	-7.61631709782482	-8.13935903939624	-13.1639017920428	3.41036459283063	-6.87592244268521	-5.98918636175465	-7.63780866887133
CRUK0259	40.4548193316944	39.0346943332705	36.5687370329672	42.0146483758442	33.8494659267748	36.9521115762883	43.4838434512136	30.420379701363
CRUK0270	14.6571556849413	14.200790133236	13.9402283289058	0.650778404568429	33.0004731291038	16.0423491008215	24.7457680296233	11.9496969647533
CRUK0235	-4.71067283773396	-4.91451091452947	-4.52602186797791	-9.8983618976742	12.7495679518955	0.922187191086743	13.8718206114164	-7.27771322804402
CRUK0296	41.6948279257721	41.6619756271319	39.692844450363	55.7899439762706	21.5182816585942	42.4134573475201	43.5918314352699	41.2350832597703
CRUK0253	47.5519632238187	44.4349656810855	48.6094811661589	24.7078130951161	65.3482680034141	46.9385292504719	52.6543846041074	36.4390296934142
CRUK0290	-8.83455729439528	-8.34239851376564	-8.53304966667102	-9.00324557180867	-7.78303871394246	-7.64030253540977	-7.56594364383761	-7.71466142698193
CRUK0285	-8.09984028773312	-8.22899150536022	-8.47228967745713	7.68798116551496	-17.6917835222281	-7.61467842707392	-7.61467842707392	-7.61467842707392
CRUK0272	-6.76869013865287	-6.31733385678908	-6.83777575027404	-13.8445045846865	13.4416607929148	-3.06114345085583	2.88602502895833	-7.44218804130292
CRUK0279	43.1753636336794	43.4996483374853	41.5719927116618	59.5692603511901	13.224690752428	43.354255948607	43.354255948607	43.354255948607
CRUK0223	-13.7051995467772	-9.57473200317067	-13.2672889858664	-23.6498524263089	55.3054034466011	-6.2444155648344	16.4639289818552	-14.4257917131591
CRUK0293	-10.7983546425451	-10.7827671050037	-10.1398228468386	-11.8515008918654	-9.19691013463583	-8.85596215121752	-5.85987708960335	-11.8520472128317
CRUK0232	-8.34937445855257	-8.09000061224705	-8.92822971268772	-4.27120245855997	-12.9488036333228	-7.30958697426448	-7.23476531718757	-7.38440863134139
CRUK0287	21.0231309576619	21.9257758139863	18.1053049177432	39.95090901261	1.33567538232602	22.3425427548944	24.8569681398704	19.8281173699183
CRUK0271	-17.52847762282	-18.1199131276753	-16.7465531392952	-18.1253058408487	-16.6344936948321	-15.8834221822804	-14.3990972402851	-17.9001854455426
CRUK0273	-12.8061465996871	-12.544273548778	-12.697329154593	-10.7124708678104	-14.9731136771645	-11.4061440859507	-10.878578567626	-11.9337096042753
CRUK0276	9.39045551106345	9.22391610621514	7.41201356942536	4.65445433326676	15.3747378860074	11.8233196702444	18.6821902817545	8.20295022979644
CRUK0242	32.6184398654608	29.297420954292	32.4519725737342	24.3373456290459	39.42876330992	31.4541632680273	43.3026089311841	19.6945276734848
CRUK0245	9.21301030703014	9.27418211555887	7.94030793042069	24.3314439699382	-5.93934762082892	10.1607970738994	11.797469585199	8.52412456259972
CRUK0201	-5.84864125955675	-6.03447098857659	-6.10813759362931	14.2110427537451	-15.3805436239612	-5.36091991608958	-5.36091991608958	-5.36091991608958
CRUK0206	10.9973328717258	10.3251852899262	10.0332771340016	-3.42512597598401	17.579628416742	12.21585596292	19.7334238950471	6.27707810189918
CRUK0241	-12.0356190577929	-10.704236954923	-11.6957251604842	-18.2302362232776	0.820053430009172	-9.8901124088973	-7.82424651634472	-11.5185304929704
CRUK0297	45.0285022668176	45.393152713398	43.7761698512097	59.7434902679407	21.0804605785138	45.2499603246423	45.2499603246423	45.2499603246423
CRUK0284	7.69398898302778	6.79952152177656	1.10337499541103	-15.7342459944181	51.3791544208484	8.68466171929676	23.83494600016	0.0788673052149427
CRUK0233	43.7239259551754	44.637874939761	39.3259837868357	52.0523056870577	28.5830333710527	42.782176053496	45.5582411446981	40.006110962294
CRUK0280	49.3878536357815	47.1751507805931	46.8465858676133	42.0573877714918	53.7783555191412	47.8430112086438	50.087222152029	45.4445847603857
CRUK0247	56.6871027783565	55.8945618067434	55.8851169437908	61.3818805029194	49.2757664712947	55.2926194025705	58.1684119100624	52.4168268950786
CRUK0213	-3.97767859020583	-4.11171540281344	-3.81915174091986	25.9313989158991	-12.051233862838	-3.72716889980446	-3.72716889980446	-3.72716889980446
CRUK0286	-7.22687904578327	-6.65799385033575	-7.55678577775691	-6.80247681974353	-8.52125234581898	-5.86631866377447	-2.19257784015974	-8.24828394504574
CRUK0256	-0.299357031157085	-1.75086432240163	-0.845202064365241	27.4173044005958	-11.5899124742046	0.152690209362199	0.152690209362199	0.152690209362199
CRUK0274	49.2227675261391	45.1533123677334	50.0411267889889	18.3099676885176	67.1749065585721	46.4305681799275	54.9434534960731	41.4683807250546
CRUK0244	-11.3578783831894	-11.5007179607489	-11.5638909901785	-4.01539529969917	-19.795956497143	-10.8622909785894	-10.8622909785894	-10.8622909785894
CRUK0212	56.3761166398597	56.4788042533815	54.9561599765447	67.8172157418372	28.6004855022715	56.0688163311267	56.0688163311267	56.0688163311267
CRUK0299	10.4751300771633	14.006214400983	4.38009777473941	-6.87038249605812	26.0405861522167	13.1867199926289	35.4143840702977	-9.04094408503985
CRUK0240	-8.81728533159903	-8.77151248940853	-8.76946637716709	-6.10179147890822	-11.5963880218977	-7.87376212130297	-7.23497437857437	-8.51254986403156
CRUK0392	-13.7276058392381	-12.3042284624614	-13.7430838915532	-20.7309384030444	-4.01969474339676	-12.1358810421145	-11.1181124130454	-13.6126793277098
CRUK0381	-4.36600800766622	-3.87684604674376	-3.78450789554227	-18.6472575225648	45.1172910421709	0.672378397993321	11.719415494743	-5.4568996707996
CRUK0372	7.69851676473809	5.21019902275689	6.04779554525222	35.7245266635798	-10.4324641396303	8.51532421765656	8.51532421765656	8.51532421765656
CRUK0361	-1.8482320309815	-9.12466987106984	18.8804698692613	-16.393366247074	50.5926431306548	7.7807785037689	31.6111480689281	-11.8355824597142
CRUK0380	22.760370660832	23.8870169305436	21.6678753988321	12.7930543951041	36.4911310329731	23.1197252266256	28.9260090309901	18.4000243958805
CRUK0329	-13.9899826621643	-12.9139661018397	-13.1914043955152	-16.224595267049	-9.13665915906269	-11.3896995283767	-10.5508226556902	-12.2285764010632
CRUK0315	-4.61402439000692	-4.5724465414423	-5.10696959409618	13.0971369752896	-11.9330572102166	-3.91333556399733	-3.73744408976276	-4.08922703823191
CRUK0352	6.1211195893226	6.23075829137696	6.72339200347396	-3.87222550006722	21.6147262118373	7.94363987034119	10.0557171774826	5.8315625631998
CRUK0310	-8.11039248646432	-7.56961025227435	-8.80924114869125	-3.77888038002169	-13.0539973802386	-7.41253915127804	-6.83203258499901	-7.99304571755708
CRUK0371	17.6028381960545	19.4519447915826	13.7880853686129	35.0955214011988	-5.11227630785265	19.1182942030013	22.9709122508419	15.2656761551607
CRUK0331	-13.3990415117849	-10.101183107496	-13.8218381586871	-20.6767200695079	2.16660438263736	-11.3338542374498	-8.33026087520004	-14.7797874340457
CRUK0344	22.9084177729027	24.7176866374407	17.9995194604136	21.6350112045775	23.7137597054779	23.3429081835479	25.8798566921716	20.8059596749242
CRUK0313	37.1855203213762	37.6898047062037	35.9648236102469	53.7715299837986	11.7567535636657	37.5609428954662	37.5609428954662	37.5609428954662
CRUK0369	-10.0697957014911	-1.77151693014602	-3.93049354237532	-22.1736988283523	66.4564590011681	-2.89932697958494	11.8600669029785	-12.3662250428407
CRUK0312	-12.1824786068967	-12.0769668141575	-12.4353746087538	-7.51609933987498	-17.4176436445172	-11.4391706599239	-11.3332930110679	-11.5450483087798
CRUK0328	-6.67545934994923	-6.81859816459244	-7.01009922944586	15.1121355910081	-16.7183191271074	-6.11924520564995	-6.11924520564995	-6.11924520564995
CRUK0375	18.4165599171529	16.1595363607577	19.6893016160141	-5.64617046750874	46.1990176983032	19.4310484914487	21.6507785621422	17.2113184207551
CRUK0388	44.9276096941382	41.5705342011083	38.2288260830442	9.90294969228784	64.6777374102998	39.4141213393279	52.1567874911484	27.8168291308417
CRUK0308	1.62138117548013	1.18961009369726	1.46915551018238	2.58682611793451	1.91715295651429	7.32387659410837	14.9415101965115	-0.293757008294736
CRUK0370	49.4644576112035	49.801806211571	47.0095293666618	59.036880487322	32.5874411885243	49.6895322011241	49.9887166880781	49.3903477141701
CRUK0386	20.6640624637402	20.979027428112	19.2357511609036	44.0435594857985	-6.00245214004493	21.8376168985891	21.8376168985891	21.8376168985891
CRUK0322	2.61182839671764	-3.62556150396144	8.5077938186337	-15.084528016026	50.9010971641938	5.16054905954269	18.8351697466095	-4.24655803730516
CRUK0316	44.1821799660376	44.4985925916356	42.4274903983377	52.7261995179009	30.8305156400637	44.7392338316489	47.3175278458601	42.377242911544
CRUK0301	42.6165142009328	43.2362657114956	40.6655013149858	60.313240590571	11.8965012561677	42.7351813297661	42.7351813297661	42.7351813297661
CRUK0333	12.6481139589627	15.3031829899476	7.2598506457842	-4.78452964934742	32.0498582173343	13.7017994852138	19.44925002341	9.78788076487735
CRUK0379	10.2719974568233	1.30148687454337	10.080158073346	-13.2501355166689	53.6520370015914	11.8810567710195	15.8250228061468	9.06626021855258
CRUK0377	-8.09954664591928	-8.19604722170258	-8.47681088334951	11.2630477680272	-17.9503506836458	-7.47725252125875	-7.47725252125875	-7.47725252125875
CRUK0394	-9.19724427996941	-8.87791323430501	-9.65271798396928	-7.16440115184581	-11.6347513020205	-8.48986907887013	-7.65806427282771	-9.05570068718933
CRUK0393	-9.95877060686461	-9.15613784969878	-9.83148201657755	-16.1153618421469	-3.61826161897715	-8.27507732341113	-8.0193600794495	-8.56061837644047
CRUK0368	-2.94526465108493	-2.24770991382558	-3.51805847718956	-3.77633976827131	-2.12730966884385	-0.172598042551571	2.48624318512315	-2.83143927022629
CRUK0319	50.1065258792124	50.4577939777818	48.9458388625951	62.5404382873806	28.3308584347245	50.1390236276519	50.1390236276519	50.1390236276519
CRUK0318	-6.57060045693445	-6.57159740651731	-6.97231827984522	12.1763679875242	-16.3566008762936	-6.02303856074202	-6.02303856074202	-6.02303856074202
CRUK0396	-6.30839109729929	-5.88215804197232	-6.57825692093354	-5.30795154144528	-7.75942448965229	-4.80152891154414	-2.64760527501919	-6.95545254806909
CRUK0303	-7.39342001596855	-8.09789398996966	-6.43919720252915	-6.35019820642735	-8.39737370324325	-6.28017854650441	-5.24545206476859	-7.31490502824023
CRUK0350	27.309825620908	28.3019090345658	24.3618066668725	43.7718203141409	8.26239310354205	28.6317320196704	28.9011648041736	28.3622992351672
CRUK0334	-4.39136589889232	-4.63213305317307	-4.56103867921514	25.3721902973557	-16.1567576078602	-3.92850143344338	-3.92850143344338	-3.92850143344338
CRUK0384	-7.51844137779277	-7.32706895923071	-8.06790342987685	1.58820183173262	-12.8339006740272	-6.81536673007345	-6.56918310207636	-7.06155035807055
CRUK0337	-5.41832826657447	-5.65777739203258	-5.61911960626611	25.0036910457066	-17.8966760280147	-4.818196668066	-4.818196668066	-4.818196668066
CRUK0373	-7.15105758065667	-7.48126100290152	-7.37776342765425	3.63566637909434	-16.5570084983131	-6.69442960086997	-6.69442960086997	-6.69442960086997
CRUK0359	1.41390634646629	0.940367664647979	1.33150381311856	13.0413956469811	-1.14245401159145	7.6129817753997	13.8468310644119	1.37913248638754
CRUK0343	11.3600456856523	10.9279624075039	8.88733874990298	-10.0977010256553	45.9940984213949	12.9220043562554	18.6665397886136	8.83447373692576
CRUK0321	-4.75733207485599	-4.17527399900748	-5.37633670291014	4.81139073019197	-8.75191032983193	-4.01022436703284	-3.605859675	-4.41458905906568
CRUK0385	-6.45120046621567	-7.09734830893821	-5.50783674532358	-10.1728042187703	2.47374432042373	-3.87681607882978	1.85636754539281	-7.47477405260407
CRUK0311	-3.23415561653896	-3.48105565688158	-2.98944980598894	-14.2024497023336	38.5073888456876	-1.71209509480244	-0.0487257394001046	-3.56389456456948
CRUK0460	55.3282676759954	55.5846237858711	50.8946427494016	49.018713705257	59.1784689032917	53.1533242040144	54.5946320435498	51.7620544969313
CRUK0492	47.4171279230653	47.5372491363032	45.7877321585099	61.9852280719401	19.28139311385	47.3935728719274	47.3935728719274	47.3935728719274
CRUK0487	-3.88561219109621	-5.91417729829318	1.02743933701384	-13.7221946435189	38.3124754474804	-1.33074584617074	8.79446129657407	-5.87401968698867
CRUK0495	-14.6237187069931	-13.5103019790541	-14.3034265537958	-19.9625156282426	-4.02297430816445	-12.1035116572045	-10.3583572500123	-13.7118015681261
CRUK0408	35.3175253648265	36.1560821516837	32.199523483298	57.7582279219626	2.59080499444971	36.0708688272345	36.0708688272345	36.0708688272345
CRUK0497	-10.254719719957	-6.61921694305174	-11.8093820717021	-14.4907474236216	-0.611746244673922	-7.86767086482367	-3.56983365899184	-15.6653079505786
CRUK0422	-2.86772918037678	-5.44478053489273	9.81223864955681	0.422559095382733	-3.80581310235423	4.38974902909362	14.0594957508363	-5.27999769264905
CRUK0410	8.8835620871278	5.85994420305231	10.3938384675143	-16.0058976312216	51.6565639533802	10.1929796532952	18.2220835173917	-3.35299850017982
CRUK0412	-4.83974417306515	-4.87553221353413	-4.39785845484333	-6.27524190431977	-0.388185279552842	-3.34572202331437	-0.847436376845478	-5.2932823135906
CRUK0420	44.9999871941959	33.8480593866312	47.5232072549871	0.965539526864434	66.6755006870504	40.3148476510312	50.4183251545089	30.2113701475534
CRUK0488	-12.885246369838	-13.1870727584701	-12.9075589647901	0.607736938333181	-21.3708552177211	-12.4098276946559	-12.4098276946559	-12.4098276946559
CRUK0401	-2.3140928124568	-1.8114024331391	-3.44819834585152	9.6918221303109	-4.76648474895216	1.36144014481826	5.52587388297687	-2.80299359334035
CRUK0448	-4.54829962630988	-1.01553059502489	-6.38790203079222	-7.13705535755522	-0.473392130924737	-2.51336850902876	0.510666122018767	-8.05426385454221
CRUK0496	31.884370160807	33.0364422109277	27.2603054791371	26.0855511981752	36.3054790738058	33.1572782829875	35.7970337956042	30.5738144590772
CRUK0452	-6.8183082252785	-5.84305451599204	-8.48095334046966	-10.4213070394458	-3.82580380448126	-6.02725060574446	-4.65779516101138	-7.14424135861705
CRUK0472	-8.86090182325309	-8.20776422912345	-9.48245296962759	-8.78163823411193	-9.24312292772342	-7.58258401854747	-5.79924743412997	-9.58367102240754
CRUK0434	10.6176973825275	11.2796132470292	9.31376406638952	4.6289639557534	15.4985348174521	11.1729630902207	20.5561338070646	4.32669389200723
CRUK0431	7.03530042588125	7.42262188743238	-2.88653879718925	21.783316451618	-7.54474272279867	9.85551269413223	10.8317659135504	8.87925947471405
CRUK0451	-5.36833956699832	-5.34612359488813	-5.27126876634447	-6.67037504972019	-4.90809822553589	-4.98988761578181	-3.65359319944698	-6.25777486199333
CRUK0447	17.4004753672939	17.6685067486929	14.0681694027339	45.8890212169831	-10.6791219115151	18.7106967155858	18.7106967155858	18.7106967155858
CRUK0404	54.6107163039825	51.4936358583846	53.9331882385706	51.2027716634428	55.1169492089557	52.6547791708855	55.5271496407751	49.782408700996
CRUK0463	-12.5183123475324	-12.9846218745889	-12.2566429714639	-8.40636973743734	-16.7488451600126	-12.060622952707	-11.3803495919779	-12.7408963134361
CRUK0419	-15.5167445030843	-16.0018706047153	-15.3955809380238	-6.08039191300077	-22.88413141882	-14.9423216960361	-14.9423216960361	-14.9423216960361
CRUK0484	-9.40136363605892	-7.43367373362302	-9.13121351381127	-17.4941892437233	15.7698269660673	-6.78917688972203	-5.1228074680669	-9.79735787678696
CRUK0450	15.574993955593	15.9960086139368	13.3978383494338	20.4440008427031	8.81533957859926	17.2112089161225	19.5397337388742	14.8826840933709
CRUK0403	-10.2757254147644	-8.53045916213326	-9.47247417590629	-18.0393776957315	13.3397549117912	-7.94077101066791	-4.6804687977693	-10.7281554495687
CRUK0467	-10.2105794841328	-10.4279651243011	-10.4368902195449	11.4166084144766	-20.7018241202227	-9.51944562488924	-9.51944562488924	-9.51944562488924
CRUK0485	-5.59488194621098	-3.63524482214048	-8.30315745788271	-10.0450850013209	-1.96026722448955	-4.89040181037153	-2.50835442941373	-6.78430315676417
CRUK0416	30.7425213768736	22.4724252448091	32.8059116547814	9.71314483757713	51.2953109722245	29.4927090481226	47.8306179070357	12.2701801416431
CRUK0462	36.146166366964	36.0683066914979	34.111949719455	18.96623787693	51.0243255904963	35.5117496540796	37.1322512051759	33.8949949275482
CRUK0476	-14.0598556516895	-13.5099582656151	-14.1894647164032	-17.5792050729076	-8.43855697353996	-11.9957376865748	-10.5600140396088	-13.5965735078457
CRUK0418	49.4128545674693	50.1419490842556	47.0118369485396	64.9696176678629	18.0426708765182	49.8267857418378	49.8267857418378	49.8267857418378
CRUK0465	0.193022643466805	-0.483558238516462	0.175829831612161	33.8158191283475	-13.560096968832	0.716412503226693	0.716412503226693	0.716412503226693
CRUK0406	17.5019094641137	16.8266375541264	14.8249643089682	14.3316641814334	19.4309407538569	18.2287722259548	20.5355762488656	16.4140243043598
CRUK0423	-16.9688438807632	-15.5370740618106	-16.8728418000267	-17.894639286837	-14.2750366284593	-14.5761545379054	-14.2539941238926	-15.2155564098724
CRUK0478	-15.4890787106011	-15.1740337585426	-16.0227298209382	-10.1813659860355	-20.1247131936066	-14.6133445181956	-14.5379813898592	-14.6887076465319
CRUK0453	-11.1653976358	-11.3222342749332	-11.1768134545591	9.04604668696029	-20.9509341443359	-10.3513737064983	-10.3513737064983	-10.3513737064983
CRUK0444	-15.9715636166881	-14.8992295147054	-16.2270941062246	-14.4872548566955	-16.6487239121659	-14.283005505493	-13.6578201475626	-14.9081908634233
CRUK0594	-6.49944167061	-6.52463079253372	-6.8001166245314	14.3530177793149	-16.2798005397597	-5.98664636084249	-5.98664636084249	-5.98664636084249
CRUK0542	-4.56291666678722	-4.90837655653962	-3.64180523530367	-6.26100722200137	-3.58799627957751	-3.39771239384061	-2.91775846478301	-3.87766632289821
CRUK0573	30.2875328512498	31.3420340020162	25.6310547445141	35.4318963249537	19.3912942085079	30.3264977273884	35.0719217003985	21.7284723644594
CRUK0579	-6.6048856785508	-3.5903177467599	-8.62329868847854	-12.3117623188565	2.48290515370068	-5.1359625966477	-3.12247638596129	-6.72239080932501
CRUK0514	-3.11522652037851	-1.85623534985692	-4.88903001943649	2.57812169215803	-5.09874351542486	0.692684480030809	4.8512315825779	-3.46586262251628
CRUK0584	9.09028197003608	13.9346376218438	0.478682649026626	8.58286440282636	8.3139054899037	10.4705560012722	23.9787052375832	-3.03759323503889
CRUK0510	-11.8555195798871	-11.859562537587	-10.0843625432153	-17.8724592582956	-4.0065557846284	-10.3958928952977	-8.32750003144461	-11.3704526066903
CRUK0525	41.232040917221	39.2615951344816	39.9175764500895	42.5415245865905	36.3536078331951	39.9199232706138	42.8167708174645	37.0230757237632
CRUK0598	2.07032684330574	1.61162572999018	2.09526086556443	32.3455575481921	-11.2713982203985	2.78803671086637	2.78803671086637	2.78803671086637
CRUK0563	-8.98338574078811	-8.15763402124865	-8.53248120921502	-15.2062983348868	9.36345937732297	-7.1317805071163	-6.09925008688014	-8.24735529482058
CRUK0566	-8.01973124291822	-5.88292693093258	-10.4267405507702	-6.165180392298	-10.8962749817151	-7.25091788857375	-4.46058783750312	-10.0412479396444
CRUK0541	-6.68780387712857	-6.70462152689392	-6.88251574165172	0.584774411098487	-11.4996703298054	-6.32162496815956	-6.31081471040857	-6.33243522591055
CRUK0597	-0.461883634445926	11.7170694718131	-5.99583262529317	-8.36942289713586	16.6215472592799	4.52424017109737	14.6257129588287	-5.577232616634
CRUK0592	37.132272074798	35.3103337282245	35.911623801468	41.8079356098811	28.9512230109171	37.053504710905	39.0076050419329	34.3564716137959
CRUK0535	-3.8195605273902	-4.05164682189522	6.63665449106084	-17.9630385501172	56.2473206108719	1.42928752219923	12.5130759576736	-4.32123028231802
CRUK0565	-6.12620889844272	-3.87922691404434	-8.02592097452162	-12.9725395169287	10.7185781642762	-3.2228510295381	5.43569853028028	-7.11716516302239
CRUK0578	59.6535468569507	60.817569894177	57.5112856708353	69.8238896231708	33.2518123678516	59.1275723377409	59.1275723377409	59.1275723377409
CRUK0590	-13.4524145408496	-13.5024861719428	-11.0583132487556	-16.4304351777762	-6.83062185126454	-12.0082759436247	-8.73698816645733	-13.6328453447121
CRUK0519	2.45295483663965	6.85789034606798	-0.471711524511403	-12.9703825684352	39.5723920238867	7.8294803850067	20.8753425955891	-8.07339914923295
CRUK0557	-15.2860929533402	-14.4005965724744	-15.8320953619024	-22.832680338696	12.6490817034001	-10.9923525838272	-3.15065926260162	-15.1949632255021
CRUK0533	46.4878782263511	45.4519691946341	44.4960150262174	30.0258586179774	58.5585185494033	45.1208260146474	48.5006960733631	42.1931749312019
CRUK0527	-8.53945943678627	-8.07584612638899	-8.56311958447027	-12.9122487721407	-2.62101414107868	-6.84911577280433	-5.42117476746944	-7.69852119305485
CRUK0505	-3.97335908682824	-3.61868786060647	-3.49717092503241	-5.54927272085175	1.21838987473131	-1.43421157634144	-0.0223889370568826	-2.846034215626
CRUK0581	34.4182473503791	35.0166773589749	31.9993536665126	48.2307980986649	12.4320559699654	34.1867839611336	34.5890648823409	33.7845030399262
CRUK0537	23.2888021517133	14.1352644947616	31.7835180857567	-13.3184095399971	64.7026275996352	24.3282643540624	34.0402214790095	14.6163072291152
CRUK0556	-3.26133674705392	-3.36195422132063	-3.64153763064482	26.7839455821527	-15.1811922572839	-2.54946009098408	-2.54946009098408	-2.54946009098408
CRUK0555	-3.67964851892349	-4.54083299974103	-0.425436441177557	-11.3105976113545	29.760424843015	1.1938821221839	6.46757780903309	-4.07981356466528
CRUK0586	0.749592612916213	1.01271673376666	-2.3342929908505	-0.305406272536018	2.42857079759001	3.71315913031556	13.748652543434	-6.32233428280287
CRUK0530	45.8550285387878	38.750496617709	48.6437425701392	10.2812070912763	63.3092518259728	43.7601407891556	49.8418871392064	37.6783944391047
CRUK0582	-2.60097855499831	1.08797909792817	-3.0719845882685	23.8934510259421	-12.4311145493114	-2.11559699110505	-2.11559699110505	-2.11559699110505
CRUK0549	-12.6951202784842	-12.0634437563663	-11.7050114827625	-19.5821523321269	7.99102031095047	-10.9461761586614	-10.0801581749399	-11.735345690981
CRUK0503	-8.80744669673575	-9.05725118754346	-9.02143287604359	2.79620426116452	-18.1457706928848	-8.33948691448937	-8.33948691448937	-8.33948691448937
CRUK0550	-9.64029639336367	-9.86223708469364	-9.79051597694577	-2.50495431998828	-16.6542492081036	-9.01937211006379	-7.82903719501794	-10.2097070251096
CRUK0528	-5.51308569553424	-5.69144861392445	-5.38873222000245	-8.65008463263574	-1.50277309631107	-3.06189567790868	3.52795915611918	-6.94845213197121
CRUK0559	8.32071017803731	8.61213240338527	6.67192164356653	26.0172805442405	-6.72382668462037	9.17100045547559	10.1982209845885	8.14377992636268
CRUK0516	-8.87909628808887	-7.6535743403667	-8.08210869394131	-16.9473840890307	20.8272063415673	-6.25481282637451	-2.21218672748752	-9.73208592973364
CRUK0540	-12.1021864956098	-12.447470301593	-12.0938371992638	1.55287494554278	-21.1686760506927	-11.3798321125476	-11.3798321125476	-11.3798321125476
CRUK0570	50.8345004566563	45.2211647635211	54.4176495304506	46.7459493266318	54.5816161601031	50.9270828311303	57.6143113099115	44.2398543523491
CRUK0596	-8.9253183431951	-7.34647751627214	-9.55919751689009	-19.2015570474389	26.2790886142281	-6.34212885959683	-2.62022861614006	-8.01844126849571
CRUK0513	46.6747232116673	44.1146911304809	44.5630663497809	43.4241214467268	46.7712186843409	44.8436704211108	48.004257712691	39.2528528156576
CRUK0504	32.9929499875617	33.3292499998032	30.9155494661868	46.7932844091713	13.3875443887233	33.365256248346	35.8400419514953	30.8904705451968
CRUK0569	20.5234560037935	20.7371819251005	18.9760669951896	44.7911174350827	-6.35980963185674	21.9006551201313	21.9006551201313	21.9006551201313
CRUK0548	31.1602083210409	30.3939828308972	29.9410107375681	45.4182963177276	9.1442526808825	31.5553902041918	36.138191411054	26.9725889973297
CRUK0521	55.5021374219826	55.6472890423656	54.6754474807741	66.4366019192381	34.3866982832299	55.7833746835466	55.7833746835466	55.7833746835466
CRUK0512	34.1333365798857	33.3562040963921	33.5510299805133	44.7084972616349	17.0212247206717	34.1796107706133	41.1667132827405	27.1925082584861
CRUK0589	-10.6041999880289	-10.3869824840329	-10.7745879963999	-8.10762134818706	-13.3220963151831	-9.78004540360199	-9.73473402603096	-9.82535678117302
CRUK0543	33.9684734409943	33.5255278469654	32.6618098942492	24.5092689753959	44.2912034084755	33.8950522750738	36.2514409818279	31.5822503752146
CRUK0520	50.9359086281915	51.7230967052638	47.8210863720086	56.9161190697415	40.4241563458038	49.6714658615052	50.4493172765859	48.8936144464244
CRUK0553	-11.6346191373646	-11.4416058923727	-11.8353782389695	-6.6837284134824	-16.2414518184834	-10.7466590251203	-10.4349800911443	-11.0583379590964
CRUK0518	-8.57147680853985	-7.76499292133501	-9.27567801454654	-7.99002169578276	-9.67294655392156	-7.39030094852669	-6.79949622317534	-7.98110567387803
CRUK0524	-11.7525640935308	-9.73642559465157	-12.9872841904339	-11.1732170000225	-12.0413078008505	-9.68708559838244	-9.3414240576443	-10.0327471391206
CRUK0567	34.5700262658143	38.2873988744424	23.8697733136069	19.7319334557091	44.5569526959514	33.4493915428398	41.4856655107812	23.318667937418
CRUK0511	17.2264445235024	17.885769445239	15.2025970309082	44.3946596479048	-7.38272326062083	18.5710478390502	18.5710478390502	18.5710478390502
CRUK0552	-5.32787299611012	-5.57744121749433	-5.86336338631725	-5.9693532825453	-5.70395475648155	-4.24580986981235	-2.10467968480956	-6.24512352355685
CRUK0684	55.9514831759159	56.7335360057681	53.6526694323997	63.545337986804	42.7440671441341	55.0512439997411	56.4654720188307	53.6370159806515
CRUK0610	26.0418127800225	22.0957373902419	23.2041449570233	2.04803075370185	46.5869652008717	26.7109989047931	32.207768743494	22.6546706073044
CRUK0692	19.6169731488592	19.6377792035755	18.0313077590985	36.9605539537183	1.04358111041091	20.9593126758278	21.8687447988641	20.0498805527916
CRUK0681	-14.1225451163735	-13.8193724267629	-14.1318655718288	-15.9543250200219	-11.5949471725322	-12.7082694502086	-10.7283235607491	-13.9945917637367
CRUK0620	-7.63900689157493	-8.28158409106769	-2.28300306304185	-21.1506513975843	54.9800773047435	-3.5791154830221	8.25920085835395	-9.43618812043347
CRUK0667	-3.23484826835479	-2.9487367133409	-2.87485098342375	-5.21283403703598	3.99116466938995	-1.17467751585345	1.25303362198875	-3.6913526225363
CRUK0686	-10.576162308761	-10.6437407922116	-10.4037913582886	-6.74829239738222	-14.6717367738898	-9.63239992068187	-9.22993923786245	-10.0348606035013
CRUK0666	7.2611559352655	5.58890080804533	8.70645506124942	6.27962368832893	11.0461811192765	9.70714064756388	11.2802366495488	8.58089705990119
CRUK0625	7.06136862591575	7.92229156367006	5.36792512143949	21.698702086477	-7.55345714977927	7.58781608873185	8.95290307936822	6.22272909809548
CRUK0696	29.4359214922844	33.1580402468536	23.7587583385893	26.2251777477273	31.505865360465	29.6461854146399	33.7429619201529	27.2402489741833
CRUK0691	-5.60871868538397	-5.41392039242317	-5.96777810720377	20.6471878563949	-15.8491155564362	-5.21518401662209	-5.21518401662209	-5.21518401662209
CRUK0638	-5.89210190037056	-5.92708334068601	-6.24831850623452	14.9738622100919	-15.8030746093485	-5.29986944830998	-5.29986944830998	-5.29986944830998
CRUK0674	-7.01820525984697	-7.19730661900268	-3.63545440637528	-21.3261987871836	57.9583538448173	-1.81426061957612	8.91148149262734	-11.4219467607954
CRUK0693	-4.18083375810733	-6.04925042147899	-4.18208437350346	-4.23821795937295	-6.03956359727372	-0.963016740641258	6.15914235872779	-7.39055423473982
CRUK0628	40.4082162482988	40.4164665513852	39.1816017376814	56.822996881504	13.9127303332971	41.0751002044247	41.0751002044247	41.0751002044247
CRUK0682	-9.82303907156762	-10.5112740079968	-9.46595295580919	-6.90064496162141	-13.1771283218639	-8.95025734007253	-8.29685771128479	-10.1584574060317
CRUK0609	-15.4462244822859	-14.8681860870663	-15.8202112644044	-11.6676060350852	-18.8509539368703	-14.0893618230489	-12.0898783723717	-16.0888452737261
CRUK0606	-5.51651163820395	-5.41040987697397	-5.20952033169621	-10.8448537605035	7.74632434566858	-3.89299424395826	-0.362195652768309	-5.91709870167434
CRUK0678	37.1085675188252	36.7860284188008	34.5756514788272	50.4174363984007	15.2478594289183	36.6357808976559	37.2435301400514	36.0280316552605
CRUK0640	-10.418811193109	-12.3651957236887	-7.16268974741738	-21.8516522708954	36.0899713960666	-6.95778299797451	-3.66671070659834	-13.0136267625403
CRUK0644	-10.4953209688829	-9.72178765497252	-8.86303765489146	-15.2120817505156	-3.32860605168107	-8.67401774132101	-3.56205648777611	-11.4220692887763
CRUK0650	28.9987243933348	29.1199367934664	26.0886208437952	32.1154382839226	23.6767692361632	29.3562657918623	33.7232110155629	24.9893205681616
CRUK0607	38.638322456534	39.4349754999841	32.2367402867517	37.9881921414014	34.8169787001499	38.3725077816089	43.054342486599	34.3005167817046
CRUK0680	34.6065144991968	25.3655932429957	36.2330639343208	16.6738613297289	49.2223447921498	33.2106484684938	40.935842858849	21.7220278871492
CRUK0617	-11.5470488103794	-11.1421449953216	-11.7574391816475	-9.20111014017895	-13.9582496112802	-10.7221917090411	-9.38437615034583	-11.8814572319234
CRUK0616	-11.1295388758186	-11.4828014495892	-10.0853577992965	-9.95743613185358	-11.9283582871847	-9.32198836060865	-7.26441195339873	-11.3795647678186
CRUK0649	-4.56604981028997	-3.41703549200579	-5.62558033548033	12.9932959569414	-11.2002387951977	-0.295173590308421	4.36907710496139	-4.95942428557824
CRUK0634	26.2502943734493	26.6347105401517	23.9466510742143	51.7241394347307	-4.4691773712626	27.4367831631528	27.4367831631528	27.4367831631528
CRUK0679	-8.50162921060054	-8.18204568251283	-9.08625108807013	-3.53094912256379	-14.4390902627617	-7.65701587152809	-6.75640986496147	-8.55762187809471
CRUK0698	15.5996076970227	16.4395609841418	11.4324916063838	10.2133351840918	26.2383595506999	16.7950658207081	19.028528217151	14.1883441321899
CRUK0709	30.2339862987938	28.0049209193417	29.2856117357523	38.706014728085	15.7273601579772	29.6706421371102	34.8509348134917	24.4903494607288
CRUK0768	-8.8414272731879	-8.6700420822624	-9.10630828443386	-4.07426846283947	-14.0513734965649	-8.00328429282563	-7.97965984141451	-8.02690874423674
CRUK0784	-8.80898323226895	-9.05383666734266	-7.55635336787253	-16.9273820652511	13.433718914386	-6.96542344945875	-3.75219399956023	-10.0554251044977
CRUK0742	12.55119414743	12.4560571265428	10.2399673309383	29.575418925784	-4.67693917498036	13.2461622941486	20.4776039143775	6.01472067391964
CRUK0781	-8.69466147696767	-11.0367864826689	-5.89991092828972	-10.9424118158819	-5.8813917187557	-5.76578325148751	0.351580600693781	-11.8831471036688
CRUK0731	-12.2615677527063	-12.0640498914931	-12.5280448548707	-9.53378039839631	-15.1489071453333	-11.540760838087	-11.0495707194671	-12.0319509567069
CRUK0710	15.0931102093089	22.8101931225698	1.29149321177435	14.1411966061939	12.7773042883183	15.6730931159966	31.2937491166528	0.0524371153402834
CRUK0721	-5.71948037381637	-6.76019318439953	-0.567358282248521	-12.7324734744492	21.145260211399	0.502599759497505	7.83857582622797	-6.83337630723296
CRUK0775	20.6557645503112	21.1339276498301	18.6991813611699	38.4512685967477	1.13159641509928	21.9020813643681	22.3342141843627	21.4699485443735
CRUK0799	55.1933097831466	51.8398649532168	53.540191757588	39.2095460280568	64.746787901131	52.7206103146166	54.0110135589085	51.4302070703246
CRUK0730	-3.35251065212181	-3.32626846858808	-3.79395417938596	28.4034324557217	-13.7448499067509	-3.13733043369478	-3.13733043369478	-3.13733043369478
CRUK0706	-9.03391310961462	-8.87764912611483	-9.60643925355531	-11.9110369357616	-5.84384606237525	-8.31988722591755	-7.78376063801286	-8.86163586519906
CRUK0787	36.8200984528573	37.2520119594586	34.1087440249748	49.37708097127	19.1652317753903	36.6503155721864	38.5129810586925	34.7876500856803
CRUK0748	-10.7480674098057	-6.83018980219938	-12.9016885629624	-19.6728529050638	4.86657706182921	-7.1222684291856	-0.160838144766601	-12.7440505766594
CRUK0707	-10.4664082160124	-7.73709874601404	-13.5325278098846	-6.9463309081485	-14.7498111434396	-7.5873836906855	-0.569375766495227	-14.6053916148758
CRUK0749	-12.6654706026369	-12.5725921914667	-12.7550557536691	-10.489619379333	-14.9294240914411	-11.9276275577401	-11.5350395720963	-12.3700910028734
CRUK0735	27.1040655892778	27.5595363149088	25.3598296508427	50.2969135849132	1.48488919456734	28.6008841724563	28.6008841724563	28.6008841724563
CRUK0761	45.9273116411413	46.0770085839702	42.2605401964566	42.586029501307	48.1440792644464	45.1621401811573	46.6578098819668	43.6664704803479
CRUK0717	-8.96934315929399	-8.26820317126916	-8.01104375004267	-16.922820470975	14.4799031089118	-7.17349788938769	-5.87828926722505	-8.84011878056897
CRUK0736	33.6082457394739	34.031150441212	31.5868267646687	55.7300569812161	1.74322472596854	34.663723504364	34.663723504364	34.663723504364
CRUK0737	-2.5430208366394	-5.65201524399957	9.87441937473609	-11.1014565887493	34.2111980063724	6.76160600265715	20.4404750987473	-6.91726309343303
CRUK0702	-7.47597830529456	-6.97175413665466	-7.56439970018172	-14.3067436254142	11.381474585004	-3.33223392964672	4.64126616933141	-8.50098739989047
CRUK0766	-12.0354481898858	-11.6804335347394	-12.2146814611328	-6.46979477025781	-16.7882936774241	-10.2456435267914	-9.23695822763835	-11.2543288259445
CRUK0734	-5.11872188886096	-6.4811758116718	-1.76361079447343	-9.19570020503574	1.36543026371714	-2.70654193367085	1.1715379624517	-6.5846218297934
CRUK0772	-13.4244988092008	-13.7365109612572	-13.4530585686567	-3.96992622261008	-20.8418012903648	-13.0135811184127	-13.0135811184127	-13.0135811184127
CRUK0769	10.9106836922556	10.5650280445582	11.0001457060082	18.7424382316445	1.06850870555349	12.0598980880571	12.1861939655525	11.9336022105616
CRUK0756	38.3750157056495	38.9351798695594	35.5999813438761	51.201437195884	16.9872207944346	38.6126105893667	42.2369526949404	34.9882684837929
CRUK0794	12.6486702277113	-2.2994453043766	29.310517342759	-8.43424021667806	49.2771152181743	16.4389308282349	33.665671099893	-0.787809443423247
CRUK0755	26.3973251069626	26.6930583600272	24.7302773959442	47.2214984124653	-2.22744708302458	27.4404548213175	27.4404548213175	27.4404548213175
CRUK0729	-9.33444513288194	-8.47724902913728	-10.1158527808311	-6.9192874021872	-12.3789183768009	-8.19686870129824	-7.4873579775886	-8.85824828172334
CRUK0714	-10.1409083115481	-10.5399749622983	-9.07926105962894	-11.7170980976924	-7.62766494591475	-9.12750486240998	-5.53438219644051	-11.4200098231474
CRUK0738	38.9118487110289	37.4346496159886	38.1677855913675	47.997704655884	24.8946294018915	39.2668788645465	41.6626083749274	37.6029418513124
CRUK0733	-3.3188891798782	-3.27134216771837	-3.16458648850624	1.4011921954392	-6.10461808609264	-1.19907764763325	1.69194703828296	-4.09010233354947
CRUK0722	-3.43094648689998	-3.59912164860354	-3.91952220926983	25.4573466084877	-15.6798867529796	-2.94964956976192	-2.94964956976192	-2.94964956976192
CRUK0771	-5.99343125681736	-5.41875417578238	-7.1913999659552	-8.46500178377859	-3.52486245609199	-4.98218117697863	-3.78653800803056	-5.85824419679973
CRUK0719	-12.5151950898684	-12.4114403362918	-13.0795337831992	-5.31577186857259	-19.5133445559464	-12.2079781295288	-12.2079781295288	-12.2079781295288
CRUK0718	-7.56369364116884	-7.44149441476472	-7.89468093094475	-4.15479442148165	-11.2912577369909	-6.82496030104127	-6.7518441108873	-6.89807649119524
CRUK0764	30.8424811058531	37.6518050235099	20.1302850337473	28.8673289412967	29.2414442264898	30.0302176923476	37.9935749018203	22.0668604828748
CRUK0704	24.0995260359347	10.4763141808898	51.0467309961273	-15.0598044669927	71.1536986334201	24.1000355238998	57.0565174624429	-7.37057198191725
CRUK0745	-0.648370778740834	-0.104788637812388	-0.727167336152976	0.491872553766479	-1.32655828109859	0.471375845653662	1.94237727694581	-0.999625585638484
CRUK0861	-12.7787712009212	-13.0741135698126	-12.7151698909979	-7.6637892654635	-17.6355788433357	-12.4096080834028	-12.087091113481	-12.7321250533245
CRUK0893	46.8276354681596	47.9065121169768	43.5926792466907	64.3129527680764	9.26733418540199	46.902634983881	46.902634983881	46.902634983881
CRUK0872	-3.56786864909921	-4.13636514578173	-3.33681664022967	9.66005773542909	-9.34191869312499	-2.96146717448013	-2.09978366845609	-3.82315068050418
CRUK0817	1.68412991634877	1.58741536046777	-3.00375931238427	-3.51302046525377	-2.36013932954255	0.755727184342854	6.7864273147478	-3.1150013577981
CRUK0810	38.9780952596739	23.6762234788794	37.3651578078522	-17.831337687082	69.8291552271791	36.1178801270973	45.9036312909116	22.582974365353
