m1.s.avg	m1.s.max	m1.s.min	m1.s.adj	m1.s.rev	m2.s.avg	m2.s.max	m2.s.min
CRUK0150	1.23780126901719	1.40414519561787	1.1078508807256	1.73275048393512	0.779245592408351	1.23780126901719	1.38804908862556	1.11533626175306
CRUK0117	0.163503398710292	0.195764948460338	0.131241848960245	0.493848397385297	-0.166841599964714	0.163503398710292	0.244589643999393	0.0824171534211906
CRUK0128	0.46433989481137	0.46433989481137	0.46433989481137	0.46433989481137	0.46433989481137	0.46433989481137	0.46433989481137	0.46433989481137
CRUK0134	2.35693807522945	2.53991016496009	2.04311526068842	2.9069392400531	1.67608618559541	2.35693807522945	2.54667337363758	2.04311526068842
CRUK0146	1.75445215856869	2.05717521271852	1.33247027137353	2.2908811760629	1.09876430802915	1.75445215856869	1.94438548719086	1.47891293136654
CRUK0196	1.79219808999187	1.81177988616278	1.77261629382097	1.93933630250314	1.6450598774806	1.79219808999187	1.82197778308784	1.7624183968959
CRUK0124	0.47094544335889	0.529373404274314	0.412517482443467	0.683124544312685	0.258766342405096	0.470945443358891	0.529373404274314	0.412517482443467
CRUK0199	0.29619075158163	0.29619075158163	0.29619075158163	0.29619075158163	0.29619075158163	0.29619075158163	0.29619075158163	0.29619075158163
CRUK0182	0.441373467247806	0.448208167909271	0.434538766586341	0.68886401540626	0.193882919089352	0.441373467247806	0.50021488927118	0.382532045224432
CRUK0183	1.79506307370234	1.79506307370234	1.79506307370234	1.79506307370234	1.79506307370234	1.79506307370234	1.79506307370234	1.79506307370234
CRUK0129	1.0425363381012	1.14411618766764	0.93711759495757	1.72565220157967	0.35558158104554	1.0425363381012	1.16233158327009	0.93545745690688
CRUK0157	0.85680192351674	1.33968570392516	0.583864271399656	1.7299188029225	0.193631172402318	0.85680192351674	1.33968570392516	0.566705404096535
CRUK0118	1.22593949111865	1.34686843070755	1.10501055152975	1.44680945187986	1.00506953035744	1.22593949111865	1.3563136972233	1.095565285014
CRUK0142	1.04480688161235	1.11066242985499	0.978951333369718	1.39260610783364	0.697007655391066	1.04480688161235	1.05779335697758	1.03182040624713
CRUK0115	0.974663955237202	0.908173714827893	1.04115419564651	1.17295642313138	0.776371487343022	0.974663955237202	1.05998088235432	0.889347028120081
CRUK0178	0.666278554601125	0.928056435120433	0.292794626365409	1.36482558475262	-0.143974523266782	0.666278554601125	0.83083006048338	0.55135741140417
CRUK0259	0.826583505044221	0.917792896532732	0.735374113555708	1.23742115929797	0.415745850790469	0.82658350504422	0.981107661234618	0.672059348853822
CRUK0270	1.14428549474857	1.52654271559326	0.898394534163867	1.94308185297328	0.481855396783848	1.14428549474857	1.52637411173131	0.957416257215151
CRUK0235	0.394545337612214	0.879582505845531	0.0314869518659888	1.13634355691765	-0.225274099206131	0.394545337612214	0.804550340473188	0.0329793030555585
CRUK0296	0.861351215177223	0.924106520429167	0.798595909925279	0.963517400965146	0.7591850293893	0.861351215177223	0.898747521336339	0.823954909018107
CRUK0253	-0.0159815500770724	0.373892356955456	-0.236304335410396	1.1244531931339	-0.98686517158884	-0.0159815500770722	0.227725049151055	-0.21203224640477
CRUK0290	1.07060765122107	1.24547489840604	0.895740404036093	1.61380201810978	0.527413284332351	1.07060765122106	1.23635619034905	0.904859112093084
CRUK0285	0.46873321150586	0.46873321150586	0.46873321150586	0.46873321150586	0.46873321150586	0.46873321150586	0.46873321150586	0.46873321150586
CRUK0272	1.2770120081478	1.40846952647712	1.09010075694316	2.14220500350248	0.356365279917802	1.2770120081478	1.50009162248175	1.18210255001878
CRUK0279	0.171174959273332	0.171174959273332	0.171174959273332	0.171174959273332	0.171174959273332	0.171174959273332	0.171174959273332	0.171174959273332
CRUK0223	1.32620715470336	1.9177424119878	1.01275694796404	2.80131254054963	0.129186819402208	1.32620715470336	1.66403103202131	1.0628944125367
CRUK0293	1.39981132525152	1.66891562036046	1.13070703014258	1.86881488426325	0.930807766239786	1.39981132525152	1.6935458442358	1.10607680626724
CRUK0232	1.4882192547783	1.57626109203174	1.40017741752487	2.02235663600792	0.954081873548688	1.4882192547783	1.55973637571797	1.41670213383863
CRUK0287	1.30161321230867	1.21392785284851	1.38929857176883	1.46680836211332	1.13641806250402	1.30161321230867	1.39837126183924	1.2048551627781
CRUK0271	1.96589969611339	2.33832916332351	1.55814045812377	2.78237208099803	1.11409754044925	1.96589969611339	2.36955299318612	1.72832430171202
CRUK0273	1.73145813773539	1.96550741485896	1.49740886061182	2.06019910491285	1.40271717055793	1.73145813773539	1.74478229992793	1.71813397554284
CRUK0276	1.05839473298769	1.3867013418187	0.990254326988959	1.93003928172691	0.446916387080747	1.05839473298769	1.17645830957396	0.995866178138128
CRUK0242	1.16427085888492	1.4494792276704	1.03327163006874	1.86930139867096	0.613449459068182	1.16427085888492	1.55354100331693	0.828001695123324
CRUK0245	1.17311793734495	1.24586583480433	1.10037003988557	1.33030546864092	1.01593040604898	1.17311793734495	1.29892337416518	1.04731250052472
CRUK0201	1.13356565882459	1.13356565882459	1.13356565882459	1.13356565882459	1.13356565882459	1.13356565882459	1.13356565882459	1.13356565882459
CRUK0206	1.36787019589737	1.5274601983386	1.22493110817861	1.97959023237768	0.772801074139526	1.36787019589737	1.57440019634745	1.18941084713023
CRUK0241	1.6188345364022	1.91704751214322	1.48976100383495	2.42619868726985	0.980609828708318	1.6188345364022	1.87659415704366	1.50720358326297
CRUK0297	0.39665323363316	0.39665323363316	0.39665323363316	0.39665323363316	0.39665323363316	0.39665323363316	0.39665323363316	0.39665323363316
CRUK0284	0.391386610569858	0.502191742299006	0.245277170812509	1.33899580234107	-0.591526889229558	0.391386610569859	0.720114981483751	0.071472536573798
CRUK0233	0.271005774102273	0.322763018154431	0.219248530050115	0.478665483792664	0.0633460644118824	0.271005774102273	0.420267946852972	0.121743601351575
CRUK0280	0.606730348288323	0.710644474933097	0.477182694567696	1.30414221966959	-0.116315050168796	0.606730348288323	0.679778025553476	0.439932754415392
CRUK0247	0.211218529413262	0.277808150986695	0.144628907839828	0.440978132650597	-0.0185410738240734	0.211218529413261	0.215958327308174	0.206478731518349
CRUK0213	1.024849358786	1.024849358786	1.024849358786	1.024849358786	1.024849358786	1.024849358786	1.024849358786	1.024849358786
CRUK0286	1.33556624069801	1.49425316564541	1.10964495017282	1.76370392927489	0.840194186543341	1.33556624069801	1.56343125334713	0.946152050297559
CRUK0256	0.709798995624601	0.709798995624601	0.709798995624601	0.709798995624601	0.709798995624601	0.709798995624601	0.709798995624601	0.709798995624601
CRUK0274	0.75358013737442	1.29950937696378	0.312813232059442	1.80515473809942	-0.192832129076196	0.75358013737442	1.19123584994867	0.420257865987345
CRUK0244	1.01908540952101	1.01908540952101	1.01908540952101	1.01908540952101	1.01908540952101	1.01908540952101	1.01908540952101	1.01908540952101
CRUK0212	0.257160432925143	0.257160432925143	0.257160432925143	0.257160432925143	0.257160432925143	0.257160432925143	0.257160432925143	0.257160432925143
CRUK0299	0.934937169100345	1.19269548215888	0.67717885604181	1.73084011478423	0.139034223416456	0.934937169100345	1.40808517040114	0.461789167799548
CRUK0240	1.45218599420432	1.41604154248345	1.4883304459252	1.78526793197958	1.11910405642907	1.45218599420432	1.54096235965143	1.36340962875722
CRUK0392	1.32486590894354	1.57202102346086	1.00721875642607	2.32658938493918	0.252650394947748	1.32486590894354	1.59176332824584	1.106527812993
CRUK0381	1.28640626565697	1.58760445211562	0.880621700933513	2.49557559092618	-0.0273494378770522	1.28640626565697	1.60655563722544	0.768657179946236
CRUK0372	0.179698211613003	0.179698211613003	0.179698211613003	0.179698211613003	0.179698211613003	0.179698211613003	0.179698211613003	0.179698211613003
CRUK0361	0.85998267379463	1.73562217091976	0.295865089550824	2.65937018832921	-0.627882927858625	0.85998267379463	1.83486234419238	0.246535314615272
CRUK0380	1.25852565610939	1.49336615306274	1.03190966624102	2.24024515931301	0.285030659990746	1.25852565610939	1.56640192447355	1.14008830003436
CRUK0329	1.19327741162415	1.50173449779801	0.88482032545029	2.13147320610716	0.255081617141139	1.19327741162415	1.41758639950565	0.968968423742656
CRUK0315	1.56213953575339	1.62595647897656	1.49832259253022	1.67645695126506	1.44782212024171	1.56213953575339	1.56738674521217	1.5568923262946
CRUK0352	1.0995315988733	1.28129270306267	0.917770494683937	1.93254477730274	0.266518420443865	1.0995315988733	1.1232521967123	1.0758110010343
CRUK0310	0.907001872821054	0.888748851333039	0.925254894309069	1.11576527597892	0.698238469663186	0.907001872821054	0.964372432607306	0.849631313034802
CRUK0371	1.14503440813871	1.1874263203135	1.10264249596392	1.25885179514989	1.03121702112753	1.14503440813871	1.17146376045639	1.11860505582103
CRUK0331	1.37089774944305	1.50048602561883	1.04895492805887	2.37754229621128	0.171898657466424	1.37089774944305	1.70307185298144	0.960175726102379
CRUK0344	0.913858339290562	0.958972261147228	0.868744417433896	1.35771989733207	0.469996781249053	0.913858339290562	0.918801315586774	0.90891536299435
CRUK0313	0.0316115590834791	0.0316115590834791	0.0316115590834791	0.0316115590834791	0.0316115590834791	0.0316115590834791	0.0316115590834791	0.0316115590834791
CRUK0369	1.00930746822602	1.34485339267132	0.200090138364043	2.32569492365439	-0.780751392619027	1.00930746822602	1.32118468414892	0.100018385710834
CRUK0312	2.00347042421011	2.01996212672253	1.98697872169769	2.1463147057292	1.86062614269103	2.00347042421011	2.01770762071009	1.98923322771013
CRUK0328	1.3095129312473	1.3095129312473	1.3095129312473	1.3095129312473	1.3095129312473	1.3095129312473	1.3095129312473	1.3095129312473
CRUK0375	0.175799641484062	0.333758790947797	0.017840492020328	0.922206546792794	-0.57060726382467	0.175799641484062	0.34335797775696	0.00824130521116506
CRUK0388	0.70433254725422	1.15432434376948	0.221729141376667	1.85768639497782	-0.48163290983167	0.70433254725422	0.891756927243819	0.506641278768119
CRUK0308	0.979193135217088	1.16372546473258	0.794660805701592	1.38947832418135	0.568907946252826	0.979193135217088	1.23745712622005	0.720929144214128
CRUK0370	0.514835915666325	0.555277307943093	0.474394523389557	0.623470700313746	0.406201131018905	0.514835915666325	0.552179004132904	0.477492827199746
CRUK0386	0.750428766282512	0.750428766282512	0.750428766282512	0.750428766282512	0.750428766282512	0.750428766282512	0.750428766282512	0.750428766282512
CRUK0322	0.567290160872804	0.793623259543344	0.405998872689276	1.72113840236184	-0.521516270129216	0.567290160872804	0.748677767385118	0.405998872689276
CRUK0316	0.509933275440482	0.616425798507274	0.437372359786391	0.807152332509752	0.246645825783913	0.509933275440483	0.589434261043841	0.42023100591487
CRUK0301	0.729131673571059	0.729131673571059	0.729131673571059	0.729131673571059	0.729131673571059	0.729131673571059	0.729131673571059	0.729131673571059
CRUK0333	0.824152545742515	0.880786124366016	0.699211662625425	1.35436568074706	0.22563210624438	0.824152545742515	0.889740615330048	0.763926113711387
CRUK0379	0.577191663453296	1.07739481598577	0.0710347656548513	2.27167949181394	-1.12324991017331	0.577191663453296	1.06746097199586	0.0746844426426403
CRUK0377	0.725607175609796	0.725607175609796	0.725607175609796	0.725607175609796	0.725607175609796	0.725607175609796	0.725607175609796	0.725607175609796
CRUK0394	1.29585035539221	1.42666727122652	1.17855680869132	1.60381210131735	1.0014119786005	1.29585035539221	1.3603625109453	1.2291282404125
CRUK0393	1.13751298761869	1.33329775859035	0.948170427355551	1.91445752172612	0.36701066421978	1.13751298761869	1.30528772770383	0.901086917568362
CRUK0368	0.50107955286744	0.695464454541288	0.306694651193591	0.911320944136723	0.0908381615981564	0.50107955286744	0.751646653845797	0.250512451889082
CRUK0319	0.163439679090233	0.163439679090233	0.163439679090233	0.163439679090233	0.163439679090233	0.163439679090233	0.163439679090233	0.163439679090233
CRUK0318	0.667580586641522	0.667580586641522	0.667580586641522	0.667580586641522	0.667580586641522	0.667580586641522	0.667580586641522	0.667580586641522
CRUK0396	0.868482836829875	1.05259238097766	0.68437329268209	1.16254853786163	0.574417135798125	0.868482836829875	0.946605476939725	0.790360196720025
CRUK0303	0.807681496245753	0.925787662675962	0.689575329815544	1.11166530634048	0.503697686151022	0.807681496245753	0.87788742092881	0.737475571562696
CRUK0350	0.743415017097332	0.85486612848842	0.631963905706243	0.923114607079934	0.56371542711473	0.743415017097332	0.82158232798938	0.665247706205284
CRUK0334	0.908563152036651	0.908563152036651	0.908563152036651	0.908563152036651	0.908563152036651	0.908563152036651	0.908563152036651	0.908563152036651
CRUK0384	1.67522627992054	1.69770347504965	1.65274908479142	1.93016486389107	1.42028769595	1.67522627992054	1.68693721167304	1.66351534816803
CRUK0337	1.40786835155925	1.40786835155925	1.40786835155925	1.40786835155925	1.40786835155925	1.40786835155925	1.40786835155925	1.40786835155925
CRUK0373	1.32461409194174	1.32461409194174	1.32461409194174	1.32461409194174	1.32461409194174	1.32461409194174	1.32461409194174	1.32461409194174
CRUK0359	0.695166060047216	0.802180755526791	0.588151364567641	1.02629928440092	0.364032835693514	0.695166060047216	0.814607763983304	0.575724356111128
CRUK0343	0.574489263193966	0.839153832794083	0.28814756085267	1.42775070704843	-0.300449313401679	0.574489263193966	0.942946997820314	0.29669019480435
CRUK0321	0.77516257895824	0.92009915478035	0.630226003136129	1.05961097517077	0.490714182745713	0.775162578958239	0.884419020269963	0.665906137646516
CRUK0385	1.65364057248099	1.81151101820769	1.51452802624519	2.29575099180461	1.03028805264827	1.65364057248099	1.74665414888254	1.45715587308549
CRUK0311	0.671933552146473	0.902312587978424	0.601662171271274	1.99629038769946	-0.492315628449764	0.671933552146473	0.923052156759319	0.463538026646309
CRUK0460	0.136388486974062	0.290530626182906	-0.0563114335067076	0.664026633757461	-0.429807441081262	0.136388486974062	0.337320762357098	-0.104000152830395
CRUK0492	0.235619392739947	0.235619392739947	0.235619392739947	0.235619392739947	0.235619392739947	0.235619392739947	0.235619392739947	0.235619392739947
CRUK0487	1.34854657525332	1.86349127307619	0.637177124724137	2.6604021329679	-0.159733735167571	1.34854657525332	1.78939517070759	0.595743243561916
CRUK0495	1.42448136440067	1.46405823980352	1.35121444421905	2.42091582759727	0.394356856425301	1.42448136440067	1.54894268040166	1.33376116236374
CRUK0408	0.909475982338077	0.909475982338077	0.909475982338077	0.909475982338077	0.909475982338077	0.909475982338077	0.909475982338077	0.909475982338077
CRUK0497	2.03622261871752	2.17389305028467	1.8513097140965	2.62278678428906	1.40241598009211	2.03622261871752	2.22552534340056	1.93461542146133
CRUK0422	0.767469684262535	1.11322876657441	0.421710601950664	1.63455598379129	-0.0996166152662239	0.767469684262536	1.12545375075447	0.409485617770604
CRUK0410	1.07248578362648	1.37721104279685	0.759493490450713	2.14217239079079	-0.00546785754323253	1.07248578362648	1.49019875910744	0.712155362507688
CRUK0412	1.53416718688906	1.74448722178989	1.18808820636661	2.11732944830208	0.815245979854424	1.53416718688906	1.7661023354249	1.18808820636661
CRUK0420	0.792979914958447	1.50293982400617	0.0830200059107287	2.10202932398623	-0.516069494069337	0.792979914958447	1.49823933738128	0.0877204925356143
CRUK0488	1.69241380509073	1.69241380509073	1.69241380509073	1.69241380509073	1.69241380509073	1.69241380509073	1.69241380509073	1.69241380509073
CRUK0401	0.713926000439265	0.780232156238745	0.647619844639784	0.943902657301152	0.483949343577377	0.713926000439265	0.780232156238745	0.647619844639784
CRUK0448	1.09950528980906	1.23325525758799	0.919325012369226	1.64148674586285	0.511093524094367	1.09950528980907	1.27808214857005	0.98888961602925
CRUK0496	0.762718718027859	0.86025275770253	0.578661169004579	1.4694525194393	-0.0305385927321913	0.762718718027859	0.913328547311671	0.46812254008838
CRUK0452	1.05640559482731	1.25597523299402	0.864578917892046	1.76602589854872	0.354528252337348	1.05640559482731	1.36117504118369	0.922436243724911
CRUK0472	1.39496895336241	1.52447181398567	1.1041874306463	1.85371743470186	0.774941809930113	1.39496895336241	1.48988938340124	1.26806719538884
CRUK0434	0.647878688568063	0.779443902485533	0.468276751604812	1.2980526352535	-0.0503319811631608	0.647878688568064	0.807619776955886	0.550870151182014
CRUK0431	0.753351373385292	0.894144059135446	0.612558687635139	1.00648301889509	0.500219727875495	0.753351373385292	0.886104970610646	0.620597776159939
CRUK0451	0.475418989429798	0.767155202154277	0.0835853573783696	1.1633876086504	-0.312647049117757	0.475418989429798	0.537417593969266	0.391361834589136
CRUK0447	1.46141324302713	1.46141324302713	1.46141324302713	1.46141324302713	1.46141324302713	1.46141324302713	1.46141324302713	1.46141324302713
CRUK0404	0.799411339023528	1.16045134668075	0.438371331366303	1.21115846321846	0.387664214828596	0.799411339023528	1.16621395888793	0.432608719159132
CRUK0463	1.48692184869913	1.68700274815127	1.28684094924699	1.81258105400813	1.16126264339012	1.48692184869913	1.70248694448737	1.27135675291088
CRUK0419	1.61320318305005	1.61320318305005	1.61320318305005	1.61320318305005	1.61320318305005	1.61320318305005	1.61320318305005	1.61320318305005
CRUK0484	1.26133749653595	1.54729778665447	0.824801189138113	2.38447571746553	-0.0123767416729519	1.26133749653595	1.44406846482288	1.07127513491372
CRUK0450	0.40322865713555	0.414538347710033	0.391918966561067	0.690471844033046	0.115985470238054	0.40322865713555	0.415911734784619	0.39054557948648
CRUK0403	0.373511466721778	0.564800693588893	0.122196845711282	1.20285786260314	-0.515860323302962	0.373511466721778	0.732932742703093	-0.0388198169182405
CRUK0467	1.55799287167272	1.55799287167272	1.55799287167272	1.55799287167272	1.55799287167272	1.55799287167272	1.55799287167272	1.55799287167272
CRUK0485	0.641762556223542	0.84635643251179	0.533714026643869	1.17354324637676	0.206527212778899	0.641762556223542	0.844813673121574	0.528557456355477
CRUK0416	0.471450650106702	1.04285267061083	0.051490110429846	1.39199011565983	-0.297647334619147	0.471450650106702	0.973891686170377	0.000801270869465798
CRUK0462	0.613753195929668	1.01344745583393	0.365541973558928	1.45431236061114	-0.0753229312182844	0.613753195929668	1.11331437901855	0.358765035135183
CRUK0476	1.5601802721669	1.69055456673535	1.37861965387924	2.20696229500767	0.86221192560692	1.5601802721669	1.75733463698476	1.38048105975512
CRUK0418	0.286829987715296	0.286829987715296	0.286829987715296	0.286829987715296	0.286829987715296	0.286829987715296	0.286829987715296	0.286829987715296
CRUK0465	0.982171120388982	0.982171120388982	0.982171120388982	0.982171120388982	0.982171120388982	0.982171120388982	0.982171120388982	0.982171120388982
CRUK0406	0.768345923131508	1.14782723385982	0.580842141755876	1.64662814355848	0.0820412320572192	0.768345923131508	1.0732357012985	0.355661531332988
CRUK0423	1.80035831191381	1.81215132717316	1.72613739903997	2.27453111334155	1.26375761287158	1.80035831191381	1.90318361885319	1.65172774340801
CRUK0478	1.58467649881496	1.64581653689494	1.52353646073498	1.75293107426898	1.41642192336095	1.58467649881496	1.63144152845948	1.53791146917045
CRUK0453	1.61390594046553	1.61390594046553	1.61390594046553	1.61390594046553	1.61390594046553	1.61390594046553	1.61390594046553	1.61390594046553
CRUK0444	1.95618743436586	1.98577808254374	1.92659678618798	2.41627399479576	1.49610087393596	1.95618743436586	2.10371231268945	1.80866255604227
CRUK0594	1.94638144460965	1.94638144460965	1.94638144460965	1.94638144460965	1.94638144460965	1.94638144460965	1.94638144460965	1.94638144460965
CRUK0542	0.875813162556011	1.0481087588336	0.703517566278422	1.5364489967246	0.215177328387426	0.875813162556012	0.941044730188752	0.810581594923272
CRUK0573	0.773491276174419	0.875661577492106	0.760930986388273	1.19050392455792	0.446088639322461	0.773491276174419	0.823685177095719	0.701375490776112
CRUK0579	1.11985989426138	1.42493918008964	0.892929108950897	1.96254117865363	0.355327110386905	1.11985989426138	1.57274287143458	0.857436056638096
CRUK0514	0.567493905993972	0.754789923641912	0.380197888346031	0.930614543965721	0.204373268022222	0.567493905993972	0.648356556740159	0.486631255247785
CRUK0584	1.27269181853817	1.30306472114579	1.24231891593054	1.70950705486059	0.835876582215742	1.27269181853817	1.39965268912941	1.14573094794692
CRUK0510	1.42899457090332	1.61708558095839	1.34944583710175	2.41904751420177	0.547483903858359	1.42899457090332	1.75729035168097	1.12318647269805
CRUK0525	1.3451557638304	1.48482117264379	1.20549035501702	1.56278082995348	1.12753069770732	1.3451557638304	1.50066918878701	1.1896423388738
CRUK0598	1.22041261442603	1.22041261442603	1.22041261442603	1.22041261442603	1.22041261442603	1.22041261442603	1.22041261442603	1.22041261442603
CRUK0563	0.714750123320948	1.12574113650272	0.524319738117803	1.6921794114253	-0.042118536804775	0.714750123320947	1.19757656842871	0.252711965245331
CRUK0566	2.16591697176155	2.24097193172234	2.09086201180077	2.54386251906052	1.78797142446258	2.16591697176155	2.24097193172234	2.09086201180077
CRUK0541	1.2080797366377	1.17000550977825	1.24615396349714	1.46713367662691	0.949025796648482	1.2080797366377	1.2576766793043	1.1584827939711
CRUK0597	1.21442767063057	1.58041268290289	0.848442658358251	1.92684016783416	0.502015173426978	1.21442767063057	1.40188352149291	1.02697181976823
CRUK0592	0.293964608467391	0.382755067405801	0.248183604550572	0.767411778907974	-0.1364731069516	0.293964608467391	0.328097714913754	0.276697220547432
CRUK0535	0.754552682284991	1.33021227742156	0.25299309176674	2.3914468665812	-0.808241497392902	0.754552682284991	1.33021227742156	0.209739631481977
CRUK0565	0.611501820048038	0.9525079070314	0.240147364604291	1.47495678019721	-0.282301508561516	0.611501820048039	0.935289259574297	0.251567124135714
CRUK0578	0.521600014362535	0.521600014362535	0.521600014362535	0.521600014362535	0.521600014362535	0.521600014362535	0.521600014362535	0.521600014362535
CRUK0590	1.16145380110043	1.50838230649808	0.893222629252757	2.15242679151958	0.249178144231253	1.16145380110043	1.62814782283759	0.705763867756286
CRUK0519	0.980998492311946	1.0588082643855	0.88871125349849	1.82830257040657	0.119216947477423	0.980998492311946	1.33243095925792	0.744521547786289
CRUK0557	1.4394220954673	1.70939271882211	1.08945879640175	2.60782173061205	0.191029784611817	1.4394220954673	1.76969784670535	1.19985410881357
CRUK0533	0.531125390936139	0.779918975759563	0.548083787549871	1.34362986768018	-0.0156271043707497	0.531125390936139	0.776497059013196	0.425106473472402
CRUK0527	0.236906981526751	0.663306109459963	-0.0303733571510023	1.17496333501219	-0.542030582703227	0.236906981526751	0.663306109459963	-0.0246566110017536
CRUK0505	1.11731115404474	1.10111045276058	1.1335118553289	1.74526171444293	0.489360593646543	1.11731115404474	1.14775580557121	1.08686650251826
CRUK0581	1.01211330017812	1.06610797333517	0.958118627021064	1.23933813849667	0.78488846185957	1.01211330017812	1.09008405316643	0.934142547189812
CRUK0537	0.375397077247767	0.710979042906127	0.0398151115894072	1.69453958682531	-0.943745432329773	0.375397077247767	0.779134686486434	-0.0283405319909001
CRUK0556	0.349649178348434	0.349649178348434	0.349649178348434	0.349649178348434	0.349649178348434	0.349649178348434	0.349649178348434	0.349649178348434
CRUK0555	0.807434968766855	1.0378212129375	0.577048724596211	1.49101740056306	0.123852536970654	0.807434968766855	1.0519168485293	0.56295308900441
CRUK0586	1.42390317510543	1.74350482733976	1.1043015228711	2.0365547268254	0.811251623385466	1.42390317510543	1.71487543866782	1.13293091154305
CRUK0530	0.191653988607434	0.435561642336638	-0.0522536651217709	0.880584386743496	-0.497276409528629	0.191653988607434	0.435561642336638	-0.0522536651217709
CRUK0582	1.26491345517199	1.26491345517199	1.26491345517199	1.26491345517199	1.26491345517199	1.26491345517199	1.26491345517199	1.26491345517199
CRUK0549	1.08080945618993	1.40382630001501	0.666901458227902	2.16366922955632	-0.0929414713134142	1.08080945618993	1.44038275663624	0.621163722720222
CRUK0503	1.44456987330651	1.44456987330651	1.44456987330651	1.44456987330651	1.44456987330651	1.44456987330651	1.44456987330651	1.44456987330651
CRUK0550	1.44446539368867	1.46552286461902	1.42340792275831	1.59992116391329	1.28900962346404	1.44446539368867	1.52237344222218	1.36655734515515
CRUK0528	1.32791252112964	1.72517529466083	1.10719018494656	2.11372053387679	0.718644945730606	1.32791252112964	1.72860260978466	1.11869580290748
CRUK0559	1.21216174684247	1.35412785104188	1.07019564264307	1.45510791572124	0.969215577963702	1.21216174684247	1.25898479325899	1.16533870042596
CRUK0516	1.00372151672566	1.62393132695195	0.568935748575481	2.01595933195543	0.176907743571994	1.00372151672566	1.34440447219314	0.607162351821092
CRUK0540	0.919376608381513	0.919376608381513	0.919376608381513	0.919376608381513	0.919376608381513	0.919376608381513	0.919376608381513	0.919376608381513
CRUK0570	-0.0223021121472138	0.131175680713606	-0.175779905008034	0.457997578089263	-0.50260180238369	-0.0223021121472137	0.135854519637253	-0.18045874393168
CRUK0596	1.31603539570634	1.67242445364972	0.759949097090596	2.31223494027373	0.120138610466582	1.31603539570634	1.66347839248938	0.876319653937258
CRUK0513	0.410941828350282	0.547896504820964	0.142340364461268	0.953127324408788	-0.262890455126557	0.410941828350282	0.511330733577829	0.263619942015121
CRUK0504	0.635008753270478	0.69336032621194	0.576657180329018	0.863603544342907	0.406413962198051	0.635008753270479	0.694794559390693	0.575222947150265
CRUK0569	0.264411310359011	0.264411310359011	0.264411310359011	0.264411310359011	0.264411310359011	0.264411310359011	0.264411310359011	0.264411310359011
CRUK0548	1.08560645754051	1.05080600721547	1.12040690786555	1.33623966860227	0.834973246478744	1.08560645754051	1.2984425512601	0.872770363820915
CRUK0521	-0.108866143721577	-0.108866143721577	-0.108866143721577	-0.108866143721577	-0.108866143721577	-0.108866143721577	-0.108866143721577	-0.108866143721577
CRUK0512	0.994734549306205	1.0779060121341	0.911563086478305	1.31131267160479	0.678156427007614	0.994734549306205	1.18103435149092	0.808434747121487
CRUK0589	1.63652371361783	1.69564493138195	1.57740249585371	2.01670104534756	1.2563463818881	1.63652371361783	1.65801380559265	1.61503362164301
CRUK0543	0.131008659001247	0.260812114799922	-0.137973081560707	0.643577114740356	-0.52073808150114	0.131008659001247	0.305085000603483	-0.0800554496267118
CRUK0520	0.434841623751595	0.480182164509836	0.389501082993353	0.593779383353112	0.275903864150077	0.434841623751594	0.456200566174551	0.413482681328638
CRUK0553	1.26887543180375	1.34613889040536	1.19161197320215	1.56679687559091	0.970953988016595	1.26887543180375	1.35722969154773	1.18052117205978
CRUK0518	1.25438490702803	1.34665833178816	1.16211148226789	1.55443077802957	0.954339036026477	1.25438490702803	1.260430295262	1.24833951879405
CRUK0524	1.47990286631319	1.58576110844855	1.37404462417782	1.71801454341708	1.24179118920929	1.47990286631319	1.65308689261155	1.30671884001483
CRUK0567	0.216406599078612	0.374333751188764	0.0248997535551425	0.932875291847924	-0.533641787104017	0.216406599078613	0.326419546348667	0.0386359599342851
CRUK0511	0.665768066942958	0.665768066942958	0.665768066942958	0.665768066942958	0.665768066942958	0.665768066942958	0.665768066942958	0.665768066942958
CRUK0552	1.55756718642556	1.60402300304668	1.52719943469639	1.89229342367742	1.23892901406565	1.55756718642556	1.61186515405009	1.4674221923736
CRUK0684	0.708025799869095	0.737298477824765	0.678753121913426	0.848348129779991	0.567703469958201	0.708025799869096	0.836547985255821	0.57950361448237
CRUK0610	0.265557185137899	0.456441552714818	0.106633824586986	0.997893762183222	-0.434818384881418	0.265557185137899	0.371074996041939	0.110765036483086
CRUK0692	0.888534708807146	0.88848864421427	0.88858077340002	1.06351525109009	0.713554166524199	0.888534708807145	0.972821990099065	0.804247427515226
CRUK0681	1.63377831541382	1.9090754328461	1.3389183708264	2.26985980724169	0.978133996430814	1.63377831541382	1.99937529866671	1.27418939950722
CRUK0620	1.26587108978583	1.85033062296468	0.472323901219369	2.82088048706739	-0.498225962883339	1.26587108978583	1.71300404416163	0.461447912059886
CRUK0667	1.03242256498959	1.18906860395217	0.950312633857347	1.61141277192855	0.527968465880963	1.03242256498959	1.21866783547	0.803470696582337
CRUK0686	1.04113634424443	1.12848428993507	0.953788398553795	1.36307359314821	0.719199095340655	1.04113634424444	1.12848428993507	0.953788398553795
CRUK0666	0.858360618055748	0.950962418230886	0.676302317735199	1.49539582039693	0.131868915569152	0.858360618055749	0.901098766309166	0.769950649908244
CRUK0625	0.735905753167502	0.815891964875626	0.655919541459378	0.912795522982893	0.559015983352112	0.735905753167502	0.752912737341467	0.718898768993536
CRUK0696	0.753162699650805	1.01477283767014	0.405673402585375	1.34526026285915	0.0751859773963641	0.753162699650805	0.910960333806117	0.660375911415906
CRUK0691	0.566902176572755	0.566902176572755	0.566902176572755	0.566902176572755	0.566902176572755	0.566902176572755	0.566902176572755	0.566902176572755
CRUK0638	1.79138448424142	1.79138448424142	1.79138448424142	1.79138448424142	1.79138448424142	1.79138448424142	1.79138448424142	1.79138448424142
CRUK0674	0.845325907205593	1.18804200435769	0.385316238982458	2.03001457784381	-0.456656334503664	0.845325907205593	1.31761937216365	0.343154449916441
CRUK0693	0.715811764068615	1.05605977563677	0.612253406345406	1.39990703665101	0.268406145331169	0.715811764068614	1.20815912398865	0.500865093762151
CRUK0628	0.729547635655498	0.729547635655498	0.729547635655498	0.729547635655498	0.729547635655498	0.729547635655498	0.729547635655498	0.729547635655498
CRUK0682	1.29935937234365	1.34407781320041	1.27447021749473	1.74209541714724	0.8764526135479	1.29935937234365	1.349782930176	1.20713127445564
CRUK0609	1.37384475663557	1.5370734192868	1.21061609398434	1.6888162477364	1.05887326553474	1.37384475663557	1.41188730283466	1.33580221043647
CRUK0606	1.04800908051781	1.31188341604912	0.738153558279031	1.78856087487367	0.261476099454481	1.04800908051781	1.47786668520079	0.763934787683316
CRUK0678	0.758012192290614	0.882963437448422	0.633060947132807	0.99487298618173	0.521151398399499	0.758012192290614	0.864363719256049	0.65166066532518
CRUK0640	0.758506921726693	1.20302655867665	0.516132566675717	1.85214756728132	-0.132988441928956	0.758506921726693	1.26861324105168	0.378760699549648
CRUK0644	1.4016569806877	1.69324882604352	1.01546028273871	2.26161935512559	0.447089753656628	1.4016569806877	1.7642017396497	0.888221228707477
CRUK0650	1.07950642788887	1.23893745042275	0.920075405354994	1.49165120890185	0.667361646875893	1.07950642788887	1.15436080635817	1.00465204941957
CRUK0607	0.626840461409875	0.728319983864586	0.479870819106213	1.12571038513617	0.0824804178346286	0.626840461409874	0.777006937683201	0.501228461142642
CRUK0680	0.9466073245368	1.12282966629019	0.773751832632466	1.92335542534604	-0.0267739264233895	0.9466073245368	1.18475001296748	0.568342350909999
CRUK0617	1.15763121042209	1.30379125216501	0.879864561088007	1.51769759956096	0.665958213692063	1.15763121042209	1.26805280005377	1.03024909564559
CRUK0616	1.47691177288428	1.85266586911231	1.10115767665625	2.03686795786892	0.916955587899644	1.47691177288428	1.77956582696834	1.17425771880022
CRUK0649	1.0981705956807	1.03873938742536	1.15760180393603	1.33011791581248	0.866223275548913	1.0981705956807	1.24126561233479	0.955075579026605
CRUK0634	0.466725914515816	0.466725914515816	0.466725914515816	0.466725914515816	0.466725914515816	0.466725914515816	0.466725914515816	0.466725914515816
CRUK0679	0.87864598771835	0.837386712419491	0.919905263017208	1.14041129029213	0.616880685144565	0.87864598771835	0.893476750877984	0.863815224558715
CRUK0698	0.592555953184848	0.869631551399287	0.280732087278794	1.25200887917046	-0.101645240492379	0.592555953184848	0.885078298563078	0.285239446931507
CRUK0709	0.585701970761324	0.666887423744937	0.504516517777712	0.976352797770628	0.19505114375202	0.585701970761324	0.615045767328154	0.556358174194494
CRUK0768	1.61653194675076	1.74629950217426	1.48676439132726	1.90523504766468	1.32782884583684	1.61653194675076	1.65623297170213	1.57683092179939
CRUK0784	0.73544309731557	1.21393465108153	0.362153055294422	1.62480129283213	-0.0487135864561798	0.73544309731557	1.08151936499432	0.461793109478846
CRUK0742	0.740539250006304	0.794769884975409	0.686308615037199	1.01645252281789	0.464625977194715	0.740539250006304	0.869313114603181	0.611765385409426
CRUK0781	0.717822840652242	1.00739690462161	0.428248776682878	1.32768147544016	0.10796420586432	0.717822840652242	1.06697437148136	0.368671309823123
CRUK0731	1.86630909660863	1.8795123051167	1.85310588810055	2.18939435541962	1.54322383779764	1.86630909660863	1.90347447653552	1.82914371668173
CRUK0710	0.636243246202029	0.602945000905017	0.669541491499041	0.977624206119524	0.294862286284533	0.636243246202029	0.879940168235274	0.392546324168784
CRUK0721	0.884513707098574	1.01755985934278	0.751467554854367	1.48903994551959	0.279987468677556	0.884513707098574	1.13013792899747	0.638889485199678
CRUK0775	0.346188313097115	0.481611705274301	0.210764920919929	0.558143688700232	0.134232937493998	0.346188313097115	0.455469378926241	0.236907247267989
CRUK0799	-0.238210100715919	-0.119554650391724	-0.356865551040115	0.319655908568102	-0.796076109999941	-0.23821010071592	-0.119062449580047	-0.357357751851792
CRUK0730	1.32028811344714	1.32028811344714	1.32028811344714	1.32028811344714	1.32028811344714	1.32028811344714	1.32028811344714	1.32028811344714
CRUK0706	1.19926414436873	1.34570887513507	1.02822549896712	1.82030591312751	0.553628460974684	1.19926414436873	1.30698803636641	1.04009355134021
CRUK0787	1.20937646972818	1.22285944697981	1.19589349247654	1.37014900152769	1.04860393792866	1.20937646972818	1.26738027903979	1.15137266041657
CRUK0748	1.27736646787193	1.62413184550305	0.761451970736278	1.9909213638694	0.394662452369928	1.27736646787193	1.58538288954964	1.03752038920027
CRUK0707	1.21471791962847	1.34826860581764	1.0811672334393	1.43290962338683	0.996526215870106	1.21471791962847	1.31977528218028	1.10966055707666
CRUK0749	1.43132047067986	1.44536101477048	1.43006066507706	1.87464845728144	1.00077322256611	1.43132047067986	1.71373873331658	1.24480420486309
CRUK0735	0.141468198532107	0.141468198532107	0.141468198532107	0.141468198532107	0.141468198532107	0.141468198532107	0.141468198532107	0.141468198532107
CRUK0761	0.660414784667648	0.673069849738497	0.647759719596801	1.03247786486348	0.288351704471819	0.660414784667648	0.717944247943474	0.602885321391823
CRUK0717	0.940023922094851	1.12299711288771	0.792147378668583	1.65994689262164	0.255197598934654	0.940023922094851	1.18247710312736	0.637051532681379
CRUK0736	0.64315065071206	0.64315065071206	0.64315065071206	0.64315065071206	0.64315065071206	0.64315065071206	0.64315065071206	0.64315065071206
CRUK0737	0.883276959294344	1.25580830765597	0.510745610932719	2.02769627237286	-0.261142353784169	0.883276959294344	1.37160950714709	0.394944411441596
CRUK0702	0.837646531594662	1.15432096523404	0.616803800912204	1.89328116668974	-0.122156400543494	0.837646531594661	1.04656505630507	0.591482741973012
CRUK0766	1.44555177717334	1.52451800294478	1.3665855514019	1.6170474718548	1.27405608249189	1.44555177717334	1.49866687182031	1.39243668252637
CRUK0734	0.890412639921212	0.988503616825785	0.79232166301664	1.5855432803691	0.195281999473326	0.890412639921212	1.06966474679856	0.711160533043868
CRUK0772	1.86382693505415	1.86382693505415	1.86382693505415	1.86382693505415	1.86382693505415	1.86382693505415	1.86382693505415	1.86382693505415
CRUK0769	0.774235585349449	0.98918131341588	0.559289857283019	1.21992396354518	0.32854720715372	0.774235585349449	0.873052472264536	0.675418698434363
CRUK0756	0.0228159070662211	0.0928473748130696	-0.047215560680627	0.170284627894769	-0.124652813762326	0.0228159070662213	0.0230159395655389	0.0226158745669036
CRUK0794	0.721661968275334	1.39146531695794	0.0518586195927266	2.05677451542775	-0.613450578877085	0.721661968275334	1.39146531695794	0.0518586195927266
CRUK0755	0.58323714025663	0.58323714025663	0.58323714025663	0.58323714025663	0.58323714025663	0.58323714025663	0.58323714025663	0.58323714025663
CRUK0729	1.43039568748576	1.47751983191499	1.37700380346618	1.73283335095284	1.12169028442834	1.43039568748576	1.50153333756339	1.31039112879706
CRUK0714	1.80007607079737	1.94441992890666	1.41567972569263	2.37184665459859	0.988253000000687	1.80007607079737	2.01425264966495	1.53833946645651
CRUK0738	0.44437370767166	0.465966774883783	0.40139466333108	0.692225342640463	0.1751360955744	0.44437370767166	0.561052590822343	0.325106954658972
CRUK0733	0.994736348364029	1.02568995202228	0.963782744705783	1.24591044411362	0.743562252614435	0.994736348364029	1.03395949929078	0.955513197437276
CRUK0722	0.661959382150664	0.661959382150664	0.661959382150664	0.661959382150664	0.661959382150664	0.661959382150664	0.661959382150664	0.661959382150664
CRUK0771	0.135726001952371	0.204673310962766	0.0713806102659786	0.742302393063866	-0.466248471835121	0.135726001952371	0.32066661753896	0.0227373575721952
CRUK0719	0.840457103786379	0.840457103786379	0.840457103786379	0.840457103786379	0.840457103786379	0.840457103786379	0.840457103786379	0.840457103786379
CRUK0718	1.17135150424847	1.33668766106403	1.00601534743291	1.51743573952199	0.825267268974949	1.17135150424847	1.19053746892782	1.15216553956912
CRUK0764	-0.0827751935905163	0.0140678725054246	-0.179618259686457	0.306378979521235	-0.471929366702267	-0.082775193590516	-0.0106998267867651	-0.154850560394267
CRUK0704	0.58568516044298	1.30144088640878	-0.0436425360713568	2.12568387504737	-0.867885524709943	0.58568516044298	1.14101935057665	-0.129296716519948
CRUK0745	0.962383760136179	1.07620038206552	0.848567138206833	1.41449569819519	0.51027182207717	0.962383760136179	1.07269271447825	0.852074805794109
CRUK0861	1.53816175820766	1.67522540605844	1.40109811035687	1.81844768499471	1.2578758314206	1.53816175820766	1.67587537513373	1.40044814128158
CRUK0893	0.660337971148456	0.660337971148456	0.660337971148456	0.660337971148456	0.660337971148456	0.660337971148456	0.660337971148456	0.660337971148456
CRUK0872	1.19932970786499	1.29580341757179	1.1028559981582	1.43025002391624	0.968409391813752	1.19932970786499	1.38281018601626	1.01584922971372
CRUK0817	0.898658578609659	1.25403004585284	0.633051138227482	1.59959515895151	0.287486025128808	0.898658578609659	1.16482350564069	0.706184409992737
CRUK0810	0.602238631810451	1.30244326371853	0.178258079269813	2.36323534461052	-0.882534001622184	0.602238631810451	1.10906427947364	0.141630182253185
