m1.s.avg	m1.s.max	m1.s.min	m1.s.adj	m1.s.rev	m2.s.avg	m2.s.max	m2.s.min
CRUK0150	2.40752051540772	2.41892367116705	2.25508521812204	4.30399497954691	0.370013909742183	2.40752051540772	2.83658967041557	1.74453356119061
CRUK0117	0.932468218480772	1.16345592406731	0.701480512894235	2.15567756715394	-0.290741130192396	0.932468218480772	1.24786162591376	0.617074811047788
CRUK0128	1.15655689972055	1.15655689972055	1.15655689972055	1.15655689972055	1.15655689972055	1.15655689972055	1.15655689972055	1.15655689972055
CRUK0134	2.89237016334765	3.22150232601528	2.65983929402231	5.41337057039144	0.467971049646146	2.89237016334765	3.2454270116983	2.63415743942952
CRUK0146	3.09718380961935	3.31474716932305	2.94811722529182	7.29868607310979	-1.03582167849492	3.09718380961935	3.31474716932305	2.94735084548726
CRUK0196	3.34899369799016	3.36385710334813	3.3341302926322	3.71303608578539	2.98495131019493	3.34899369799016	3.42916951420339	3.26881788177693
CRUK0124	1.51902308179292	1.62151267748705	1.41653348609878	1.83937135322557	1.19867481036026	1.51902308179291	1.67394377424153	1.3641023893443
CRUK0199	0.566122499455119	0.566122499455119	0.566122499455119	0.566122499455119	0.566122499455119	0.566122499455119	0.566122499455119	0.566122499455119
CRUK0182	0.923571951044311	1.08666418584103	0.760479716247598	2.01902324950222	-0.171879347413599	0.923571951044312	1.10563823272091	0.741505669367711
CRUK0183	2.52217172105062	2.52217172105062	2.52217172105062	2.52217172105062	2.52217172105062	2.52217172105062	2.52217172105062	2.52217172105062
CRUK0129	2.4568023172044	2.55365906880612	2.25872768475453	6.36805018923067	-1.55566343567002	2.4568023172044	2.62268603043462	2.25990630395141
CRUK0157	2.91565320351819	3.42876939707654	2.47652961618695	5.79969193129954	0.105607081963959	2.91565320351819	3.42876939707654	2.43498559777517
CRUK0118	2.69503487492022	3.02449579875057	2.36557395108988	4.54179160123798	0.848278148602463	2.69503487492022	3.02396213189994	2.3661076179405
CRUK0142	2.67368083913719	3.07499967293272	2.27236200534166	5.13257751128817	0.214784166986211	2.67368083913719	3.07499967293272	2.27236200534166
CRUK0115	2.57734565338605	2.56884608265544	2.58584522411666	3.09668240308794	2.05800890368417	2.57734565338605	2.81274712116468	2.34194418560742
CRUK0178	3.31778930396028	3.50040228742533	3.15236223204717	5.77305625926149	0.879708260211013	3.31778930396028	3.55909099698167	3.08259075727035
CRUK0259	1.73276212274109	2.11087683662755	1.35464740885463	4.76619712355394	-1.30067287807176	1.73276212274109	2.11087683662755	1.35464740885463
CRUK0270	0.771051660869339	1.11318444045685	0.552977204372772	3.86412544761338	-2.19796380278376	0.771051660869339	1.2009706742899	0.269749270600223
CRUK0235	2.05595338482004	2.80904468854556	1.23317696066946	4.99252378389094	-0.950302134675916	2.05595338482004	2.72241413984293	1.23317696066946
CRUK0296	1.20983206503118	1.28039784647882	1.13926628358354	1.44815630130684	0.971507828755522	1.20983206503118	1.2144288487413	1.20523528132107
CRUK0253	1.50898098221463	1.78921788691146	1.1878747564333	5.00352130156844	-2.02642865822369	1.50898098221463	1.78385554205965	1.37008813630155
CRUK0290	2.91273629010086	3.0403106143681	2.78516196583361	5.22089761559709	0.604574964604622	2.91273629010085	3.01008763709228	2.81538494310943
CRUK0285	1.84847739574493	1.84847739574493	1.84847739574493	1.84847739574493	1.84847739574493	1.84847739574493	1.84847739574493	1.84847739574493
CRUK0272	2.74884003404447	3.11086885671303	2.35454451044552	5.59345422629921	-0.128040859140654	2.74884003404447	3.03173011593667	2.47782750077555
CRUK0279	0.848297288080164	0.848297288080164	0.848297288080164	0.848297288080164	0.848297288080164	0.848297288080164	0.848297288080164	0.848297288080164
CRUK0223	2.79284096125551	2.14348489135588	3.23722938262576	9.21124439469243	-3.8305301207108	2.79284096125551	3.39188736564021	2.09541518016594
CRUK0293	3.43774150231336	3.76389854087701	3.11158446374972	4.91719116207654	1.95829184255019	3.43774150231336	3.76006610008589	3.11541690454084
CRUK0232	2.82925952543001	3.02180895441668	2.63671009644334	4.58822886571754	1.07029018514249	2.82925952543001	3.02180895441668	2.63671009644334
CRUK0287	2.51259151787172	2.56966782553499	2.45551521020845	3.3574768437296	1.66770619201384	2.51259151787172	2.52118979025338	2.50399324549006
CRUK0271	3.69413774845877	4.25658831090666	2.93602241895928	8.58657210210239	-1.39396137223645	3.69413774845877	4.25658831090666	2.93602241895928
CRUK0273	3.84223009997686	3.97607675063593	3.70838344931779	5.48236611893922	2.20209408101449	3.84223009997686	3.89096760855172	3.79349259140199
CRUK0276	2.95398676411839	3.88863568735932	2.41174573322386	6.71164172084541	-0.411260300262237	2.95398676411839	3.88863568735932	2.18553907446773
CRUK0242	2.37472499600218	2.75569893443729	2.23450217646238	5.10043758828715	-0.110236477387484	2.37472499600218	2.77879592903578	2.12017044177424
CRUK0245	2.09663022981537	2.05785982420543	2.1354006354253	2.65177906256732	1.54148139706341	2.09663022981537	2.14413400387558	2.04912645575515
CRUK0201	2.91416233676196	2.91416233676196	2.91416233676196	2.91416233676196	2.91416233676196	2.91416233676196	2.91416233676196	2.91416233676196
CRUK0206	1.8483379523915	2.23123089977398	1.8556552356142	4.74052037467827	-0.653634239290095	1.8483379523915	2.23912243431816	1.43567736567356
CRUK0241	3.39595146579817	3.57931222450549	3.24105200036334	5.87348656233101	0.946877662537824	3.39595146579817	3.71695269611318	2.89019264294074
CRUK0297	0.645278920689376	0.645278920689376	0.645278920689376	0.645278920689376	0.645278920689376	0.645278920689376	0.645278920689376	0.645278920689376
CRUK0284	2.39545113932134	2.56532114326119	2.28764084407617	6.19738262200173	-1.34442063466437	2.39545113932134	2.56303451957155	2.24303440718684
CRUK0233	0.6863731585878	0.68060521749307	0.692141099682531	1.23060516434825	0.142141152827348	0.6863731585878	0.713081219451227	0.659665097724374
CRUK0280	0.808625156733486	0.974962079668793	0.845349134969888	2.88024547048667	-1.05993425584799	0.808625156733486	0.954421795360401	0.559500480530756
CRUK0247	0.890528737817558	0.907849882039838	0.873207593595279	1.83802402179531	-0.0569665461601926	0.890528737817558	0.907849882039838	0.873207593595279
CRUK0213	1.61637072433633	1.61637072433633	1.61637072433633	1.61637072433633	1.61637072433633	1.61637072433633	1.61637072433633	1.61637072433633
CRUK0286	1.89227707616536	2.09537171287966	1.71346775331731	3.79546280530923	0.0133766608877339	1.89227707616536	2.09537171287966	1.72052787142535
CRUK0256	1.11605135262304	1.11605135262304	1.11605135262304	1.11605135262304	1.11605135262304	1.11605135262304	1.11605135262304	1.11605135262304
CRUK0274	0.933742499891846	1.30276188263261	0.654657797022077	3.79281698924165	-1.83539730958696	0.933742499891845	1.32546370663995	0.589466075349234
CRUK0244	2.62310269079474	2.62310269079474	2.62310269079474	2.62310269079474	2.62310269079474	2.62310269079474	2.62310269079474	2.62310269079474
CRUK0212	0.774172617155539	0.774172617155539	0.774172617155539	0.774172617155539	0.774172617155539	0.774172617155539	0.774172617155539	0.774172617155539
CRUK0299	1.91587652338756	1.79228829025889	2.03946475651622	3.20328673001793	0.628466316757183	1.91587652338756	2.11121039896535	1.72054264780976
CRUK0240	2.31001865698564	2.3590574507602	2.26097986321109	3.66060830482984	0.959429009141453	2.31001865698565	2.36705838460634	2.25297892936495
CRUK0392	2.73235312327457	3.27897256839975	2.64606987772196	6.43448296089571	-0.509440514774011	2.73235312327457	3.27897256839975	2.16512591897734
CRUK0381	2.47896753898596	2.57419795492126	2.18774299507351	7.09723856056756	-2.33529761057278	2.47896753898596	2.86716857564779	2.18774299507351
CRUK0372	0.985005363456537	0.985005363456537	0.985005363456537	0.985005363456537	0.985005363456537	0.985005363456537	0.985005363456537	0.985005363456537
CRUK0361	2.35624240002392	3.95725267772102	1.06782554015661	9.81720787428154	-4.79212965640391	2.35624240002392	3.95725267772102	1.06782554015661
CRUK0380	2.57966375435815	2.8359371194983	2.11410667820972	5.49968227715556	-0.549638479447543	2.57966375435815	2.85108480401406	2.05524918971365
CRUK0329	3.13192867237257	3.09536301058483	3.16849433416031	6.47414624517181	-0.210288900426672	3.13192867237257	3.22991276440393	3.03394458034121
CRUK0315	2.75140734796804	2.82142164702123	2.68139304891485	3.44152509046537	2.06128960547071	2.75140734796804	2.82012372945446	2.68269096648162
CRUK0352	2.89356222536022	2.99486169823964	2.79226275248081	6.29958923012468	-0.512464779404234	2.89356222536022	2.96016162733851	2.82696282338193
CRUK0310	3.79909926044628	3.61319911048154	3.98499941041102	4.71445497081312	2.88374355007944	3.79909926044628	4.06760359189225	3.53059492900031
CRUK0371	1.57792385144983	1.5815634976945	1.57428420520516	1.8899759355984	1.26587176730126	1.57792385144983	1.67614335256829	1.47970435033137
CRUK0331	2.70615837091505	2.96032798971119	1.83005697711877	7.57333948373337	-2.78295451690341	2.70615837091505	3.14234626356498	2.00791614261958
CRUK0344	1.72829732524967	1.85649226245424	1.6001023880451	2.39584272467018	1.06075192582916	1.72829732524967	1.75220850125487	1.70438614924447
CRUK0313	0.617685642521882	0.617685642521882	0.617685642521882	0.617685642521882	0.617685642521882	0.617685642521882	0.617685642521882	0.617685642521882
CRUK0369	2.57062528817949	2.87255726461182	1.48244150311091	10.5012369430215	-6.14623817529877	2.57062528817949	3.09991322725444	1.48244150311091
CRUK0312	2.26065627918651	2.33950499524819	2.18180756312482	3.10218655717246	1.41912600120056	2.26065627918651	2.33953086174018	2.18178169663283
CRUK0328	3.69795876138886	3.69795876138886	3.69795876138886	3.69795876138886	3.69795876138886	3.69795876138886	3.69795876138886	3.69795876138886
CRUK0375	0.727539949614629	1.17196489553788	0.283115003691378	3.04902422098359	-1.59394432175433	0.727539949614629	1.17196489553788	0.283115003691378
CRUK0388	1.51508160468878	1.98769802996597	0.979496775668023	4.57169489289865	-1.60450008726466	1.51508160468878	1.97834299780597	0.959517825389358
CRUK0308	2.36898291331753	2.93660412475743	1.80136170187763	4.27207978945677	0.465886037178282	2.36898291331753	2.94358975041757	1.79437607621748
CRUK0370	1.1666160743217	1.24416506653847	1.08906708210492	1.56917041756518	0.764061731078213	1.16661607432169	1.20957925913471	1.12365288950868
CRUK0386	1.14872211812393	1.14872211812393	1.14872211812393	1.14872211812393	1.14872211812393	1.14872211812393	1.14872211812393	1.14872211812393
CRUK0322	2.19708259545017	2.77388554358729	1.59549110402213	7.62324120274512	-3.2538645551357	2.19708259545017	2.77388554358729	1.59549110402213
CRUK0316	1.29451995902469	1.3388808003799	1.15883941511705	2.11119482149246	0.386525394004487	1.29451995902469	1.44922433825392	1.09830354448073
CRUK0301	1.21580008966029	1.21580008966029	1.21580008966029	1.21580008966029	1.21580008966029	1.21580008966029	1.21580008966029	1.21580008966029
CRUK0333	1.59067740504587	1.75494815253483	1.44608389480845	5.10320967494321	-1.90217762759993	1.59067740504587	1.75494815253483	1.41398137547938
CRUK0379	2.85321463308211	3.82062909971479	2.37671130637528	11.8242778157903	-5.62693740970019	2.85321463308211	3.82062909971479	2.36230349315626
CRUK0377	1.90117494016755	1.90117494016755	1.90117494016755	1.90117494016755	1.90117494016755	1.90117494016755	1.90117494016755	1.90117494016755
CRUK0394	2.17996819302633	2.34381529583589	1.88571079949601	3.62037056022864	0.609155535103268	2.17996819302633	2.41422405499211	1.88140539763994
CRUK0393	2.54926941718827	2.77949397953941	2.05235681062371	4.297118509993	0.534732280170121	2.54926941718827	3.03610300387529	2.12297019729573
CRUK0368	2.09506858566537	2.42233828362689	1.76779888770384	3.43092026274621	0.75921690858452	2.09506858566537	2.54302910417877	1.64710806715196
CRUK0319	0.668329981390164	0.668329981390164	0.668329981390164	0.668329981390164	0.668329981390164	0.668329981390164	0.668329981390164	0.668329981390164
CRUK0318	1.85759227658549	1.85759227658549	1.85759227658549	1.85759227658549	1.85759227658549	1.85759227658549	1.85759227658549	1.85759227658549
CRUK0396	1.73995860218117	1.91735517797315	1.56256202638918	3.01386025235709	0.466056952005236	1.73995860218117	1.9423728668406	1.53754433752173
CRUK0303	2.72464376024444	2.74703858828618	2.7022489322027	3.26093003445996	2.18835748602892	2.72464376024444	2.84424516098886	2.60504235950002
CRUK0350	2.29562065871805	2.45228151312755	2.13895980430855	3.25389714654247	1.33734417089363	2.29562065871805	2.45228151312755	2.13895980430855
CRUK0334	2.17297768121049	2.17297768121049	2.17297768121049	2.17297768121049	2.17297768121049	2.17297768121049	2.17297768121049	2.17297768121049
CRUK0384	3.0481368822844	2.93338647682917	3.16288728773963	3.71115238474566	2.38512137982314	3.0481368822844	3.24621297390446	2.85006079066434
CRUK0337	2.22961128604222	2.22961128604222	2.22961128604222	2.22961128604222	2.22961128604222	2.22961128604222	2.22961128604222	2.22961128604222
CRUK0373	2.50482279397272	2.50482279397272	2.50482279397272	2.50482279397272	2.50482279397272	2.50482279397272	2.50482279397272	2.50482279397272
CRUK0359	1.84373997215176	2.21283454107707	1.47464540322645	3.72559248270636	-0.0381125384028456	1.84373997215176	2.21283454107707	1.47464540322645
CRUK0343	1.85204613937366	2.00272927621096	1.63138059691243	3.93785815929017	-0.303748286166777	1.85204613937366	2.09125041596215	1.53006802619838
CRUK0321	2.37307381141541	2.46220359737587	2.28394402545495	3.7432978060222	1.00284981680862	2.37307381141541	2.46220359737587	2.28394402545495
CRUK0385	2.41673853061256	2.64460671197973	2.07847434061188	6.25568248252799	-1.53260142993637	2.41673853061256	2.76696499341627	2.09643377383498
CRUK0311	1.29656920844523	1.5950483657779	0.808187966672803	6.5952945796642	-4.1920582472135	1.29656920844523	1.85379726275155	0.909625076083435
CRUK0460	0.695951935404165	1.01992450467335	0.381159460400668	1.57535996234505	-0.174275997271029	0.695951935404165	0.978021455245951	0.441076180315174
CRUK0492	1.21834346346588	1.21834346346588	1.21834346346588	1.21834346346588	1.21834346346588	1.21834346346588	1.21834346346588	1.21834346346588
CRUK0487	2.51366166734943	3.31935921940623	1.35912822683113	9.180913360728	-4.50242591449063	2.51366166734943	3.26079268216035	1.35912822683113
CRUK0495	2.8774701667792	3.99113148683932	2.43855890133669	7.54948572720241	-1.11979533902641	2.8774701667792	3.94622045192648	2.38710630304121
CRUK0408	2.16303817675619	2.16303817675619	2.16303817675619	2.16303817675619	2.16303817675619	2.16303817675619	2.16303817675619	2.16303817675619
CRUK0497	4.05902965492217	4.27641164685457	3.66064717114783	6.06878346482858	1.86827535317382	4.05902965492217	4.2795317702826	3.68225321168028
CRUK0422	1.91471916155742	2.59592555948771	1.23351276362713	7.03513132992547	-3.20569300681063	1.91471916155742	2.59592555948771	1.23351276362713
CRUK0410	2.05223312986067	2.54288529601479	1.40062860070973	6.56528999291223	-2.62177609618771	2.05223312986067	2.5742025241513	1.40062860070973
CRUK0412	3.10162276581989	3.41049691188878	2.61931411071837	4.92660047600926	1.10321054659788	3.10162276581989	3.42340993911852	2.61859305793027
CRUK0420	1.43180248377656	2.27947896890805	0.584125998645061	5.58288493523297	-2.71927996767985	1.43180248377656	2.27947896890805	0.584125998645061
CRUK0488	2.69106247432602	2.69106247432602	2.69106247432602	2.69106247432602	2.69106247432602	2.69106247432602	2.69106247432602	2.69106247432602
CRUK0401	1.01797967274504	0.972130036453832	1.06382930903625	1.87615556136263	0.159803784127454	1.01797967274504	1.06382930903625	0.972130036453832
CRUK0448	2.76414091406316	3.12727815731715	2.23955217756124	5.08186625779253	0.284964077085866	2.76414091406316	3.1394716964554	2.22363986108896
CRUK0496	2.14155241285471	2.26881658170706	1.97284648381999	4.01346992605833	0.22819313946872	2.14155241285471	2.3453074774551	1.96456631062992
CRUK0452	1.97756784161344	2.07217472961492	1.98563474749263	4.64812531160505	-0.590315834497498	1.97756784161344	2.07527174926054	1.87188457699634
CRUK0472	2.80513927681455	3.31847935538641	2.48683708696698	5.0181592714509	0.787157170902488	2.80513927681455	3.16148143102896	2.37574644173359
CRUK0434	1.93752977962054	2.38168496888129	1.54451107862082	4.09060766041543	-0.164411612913325	1.93752977962054	2.25254724852538	1.55270040107011
CRUK0431	1.24631493520782	1.21780804159055	1.27482182882508	1.83646313142596	0.656166738989681	1.24631493520782	1.39934061827269	1.09328925214295
CRUK0451	1.768821597274	2.1634570714802	1.34070442678389	4.7436582239422	-1.23949672567811	1.768821597274	2.13321736995719	1.43418154217747
CRUK0447	2.40404227998885	2.40404227998885	2.40404227998885	2.40404227998885	2.40404227998885	2.40404227998885	2.40404227998885	2.40404227998885
CRUK0404	1.17858194965268	1.29784211370496	1.0593217856004	3.26207318845091	-0.904909289145541	1.17858194965268	1.29784211370496	1.0593217856004
CRUK0463	3.62718386717463	3.68791957792202	3.56644815642724	5.58143888783183	1.67292884651743	3.62718386717463	3.68791957792202	3.56644815642724
CRUK0419	2.4828377273311	2.4828377273311	2.4828377273311	2.4828377273311	2.4828377273311	2.4828377273311	2.4828377273311	2.4828377273311
CRUK0484	2.90863258659219	3.29946700645946	2.23965105094332	7.71991881514432	-2.18080075774155	2.90863258659219	3.31021294809866	2.56830586912642
CRUK0450	1.49910913892136	1.71418264218172	1.28403563566101	3.6199169494935	-0.621698671650768	1.49910913892136	1.71418264218172	1.28403563566101
CRUK0403	2.65627295757889	2.8682090933455	2.37828254934732	4.7392775724158	0.507214070277014	2.65627295757889	3.01627359349788	2.42508709298599
CRUK0467	4.12111962940941	4.12111962940941	4.12111962940941	4.12111962940941	4.12111962940941	4.12111962940941	4.12111962940941	4.12111962940941
CRUK0485	2.34340515052328	2.92032156560884	2.09686624481794	4.79059431282949	0.226593497597286	2.34340515052328	2.86892063445577	1.90440409885214
CRUK0416	1.96796612532758	2.3516384361221	1.43659130044029	7.11246277744713	-3.32423304088474	1.96796612532758	2.3516384361221	1.43659130044029
CRUK0462	1.75029854190163	2.12960320284191	1.39876078324525	4.16854936892484	-0.640185382837684	1.75029854190163	2.09320464618322	1.32267394879046
CRUK0476	2.97465878951835	3.22935283229799	2.86778741278387	6.4102719943063	-0.31313174922445	2.97465878951835	3.22935283229799	2.50437751738256
CRUK0418	2.06565696948023	2.06565696948023	2.06565696948023	2.06565696948023	2.06565696948023	2.06565696948023	2.06565696948023	2.06565696948023
CRUK0465	1.64586985305187	1.64586985305187	1.64586985305187	1.64586985305187	1.64586985305187	1.64586985305187	1.64586985305187	1.64586985305187
CRUK0406	1.86359344283487	2.11522854412695	1.37043232289476	4.55399396297018	-1.06833309594847	1.86359344283487	2.11522854412695	1.37043232289476
CRUK0423	2.94133629162795	2.79973446961598	3.05013512982605	4.54497885456303	1.304890744879	2.94133629162795	3.18358454771946	2.53732767152302
CRUK0478	3.56708833301715	3.62673720615011	3.50743945988419	4.16074227670804	2.97343438932626	3.56708833301715	3.71407792741252	3.42009873862178
CRUK0453	2.9611828348618	2.9611828348618	2.9611828348618	2.9611828348618	2.9611828348618	2.9611828348618	2.9611828348618	2.9611828348618
CRUK0444	3.28452727479509	3.47464832128768	3.09440622830251	4.31485337914647	2.25420117044372	3.28452727479509	3.3451398328927	3.22391471669749
CRUK0594	1.81480265876503	1.81480265876503	1.81480265876503	1.81480265876503	1.81480265876503	1.81480265876503	1.81480265876503	1.81480265876503
CRUK0542	2.5385069972724	2.91457816706384	2.16243582748097	5.13338321616909	-0.0563692216242828	2.5385069972724	2.91457816706384	2.16243582748097
CRUK0573	1.63066766403434	1.73600416899864	1.41842450095516	2.42494401460634	0.72948465534746	1.63066766403434	1.8448634290468	1.5039489989617
CRUK0579	2.15763495802272	1.82666887495744	2.27873680105248	4.42298339715534	-0.317577721145416	2.15763495802272	2.3793894178706	1.81183754387067
CRUK0514	2.69355404517622	2.54825107771721	2.83885701263523	3.88218393155915	1.50492415879329	2.69355404517622	2.92500539587402	2.46210269447842
CRUK0584	2.4715910614005	2.58883148503887	2.35435063776213	4.15791299004501	0.785269132755996	2.4715910614005	2.60516926891944	2.33801285388157
CRUK0510	2.32915142195581	2.68760923342749	2.14448205899974	5.66088934025455	-0.828798047827318	2.32915142195581	2.56438368121824	2.17508361303457
CRUK0525	1.53074819739376	1.81594111159797	1.24555528318955	2.51909996805199	0.542396426735534	1.53074819739376	1.8542061683725	1.20729022641503
CRUK0598	2.52511673727439	2.52511673727439	2.52511673727439	2.52511673727439	2.52511673727439	2.52511673727439	2.52511673727439	2.52511673727439
CRUK0563	2.36940020486124	3.07772648134247	1.84662460803312	5.6847318519744	-0.760380762598818	2.36940020486124	3.08369653817072	1.66503834268106
CRUK0566	3.11045089311911	3.17990051419605	3.04100127204216	5.40628216250526	0.814619623732947	3.11045089311911	3.17990051419605	3.04100127204216
CRUK0541	2.23683035475439	2.2466047854679	2.22705592404089	2.89045752750467	1.58320318200412	2.23683035475439	2.34052107529044	2.13313963421835
CRUK0597	2.87097415594646	2.60798702869261	3.13396128320031	5.02226409221397	0.71968421967896	2.87097415594646	3.14657504564485	2.59537326624808
CRUK0592	1.53537092649539	2.04202427242584	1.45708157896595	4.23791872366915	-0.738812872277351	1.53537092649539	1.99484909565007	1.07456829109752
CRUK0535	2.5113886919063	3.03055698704571	1.8505390198532	8.95280013016371	-4.0717041232648	2.5113886919063	2.92340192694662	1.8505390198532
CRUK0565	0.546226931895385	0.809883247370604	0.367158394735788	4.2996268394464	-3.12258519734	0.546226931895386	0.691081971727839	0.354615756222847
CRUK0578	0.948750074340681	0.948750074340681	0.948750074340681	0.948750074340681	0.948750074340681	0.948750074340681	0.948750074340681	0.948750074340681
CRUK0590	2.90842753497414	3.16763415235836	2.53865263431013	5.78186132257139	-0.0755745359029043	2.90842753497414	3.21693822464198	2.57028261491275
CRUK0519	2.55301810653718	2.84130080029791	2.25831960307686	4.44828936021502	0.651331043159745	2.55301810653718	2.94428724477181	2.19608878623973
CRUK0557	3.74257866160115	4.38401063102904	3.27318461533213	9.48805843342845	-1.83086318706728	3.74257866160115	4.38401063102904	3.40400064579865
CRUK0533	0.911575291217317	1.46507389925023	0.557139322478716	2.59628876549318	-0.574075543764233	0.911575291217317	1.39628705017964	0.599895966071462
CRUK0527	3.15756894572625	3.41928738057453	3.03829856368553	5.50800386717133	0.949582077088733	3.15756894572626	3.43523514788868	2.80268099508037
CRUK0505	2.15723263750808	2.03827491513189	2.27619035988426	4.57395018773388	-0.259484912717734	2.15723263750808	2.30577005404596	2.00869522097019
CRUK0581	1.58570868872709	1.7402015547658	1.43121582268838	2.26637089792749	0.905046479526679	1.58570868872709	1.7402015547658	1.43121582268838
CRUK0537	1.21400119844299	1.78802996052257	0.63997243636341	4.56214439216686	-2.13414199528088	1.21400119844299	1.78802996052257	0.63997243636341
CRUK0556	2.12636573391381	2.12636573391381	2.12636573391381	2.12636573391381	2.12636573391381	2.12636573391381	2.12636573391381	2.12636573391381
CRUK0555	1.90199852795205	2.24179959614403	1.56219745976007	4.04943597195132	-0.245438916047222	1.90199852795205	2.27497618940256	1.52902086650154
CRUK0586	3.80501797684991	4.3904636716931	3.21957228200672	5.92560490456187	1.68443104913795	3.80501797684991	4.1008988540454	3.50913709965442
CRUK0530	0.918060200881176	1.41016666287387	0.425953738888486	3.09320611194953	-1.25708571018718	0.918060200881176	1.41016666287387	0.425953738888486
CRUK0582	2.22118349528039	2.22118349528039	2.22118349528039	2.22118349528039	2.22118349528039	2.22118349528039	2.22118349528039	2.22118349528039
CRUK0549	2.23436566296746	2.52250662726516	1.70015017045441	7.42124933077162	-3.19859253305205	2.23436566296746	2.51373332377448	1.70015017045441
CRUK0503	1.86671540228872	1.86671540228872	1.86671540228872	1.86671540228872	1.86671540228872	1.86671540228872	1.86671540228872	1.86671540228872
CRUK0550	2.63209921224068	2.62459736482362	2.63960105965775	3.36975710142451	1.89444132305686	2.63209921224068	2.63294908888646	2.6312493355949
CRUK0528	2.44205715563697	2.76425907460512	2.14320606016258	6.32181371256337	-1.41434857779566	2.44205715563697	2.76425907460512	2.14320606016258
CRUK0559	2.33609871062855	2.4488703080486	2.2233271132085	3.46982721545882	1.20237020579828	2.33609871062855	2.4488703080486	2.2233271132085
CRUK0516	2.40996503370685	3.03166294632279	1.5570388672887	7.13056003136912	-2.54185821775762	2.40996503370685	2.99673409324702	1.58401440193076
CRUK0540	3.79264992409139	3.79264992409139	3.79264992409139	3.79264992409139	3.79264992409139	3.79264992409139	3.79264992409139	3.79264992409139
CRUK0570	0.909890403716271	1.19604412861452	0.623736678818019	2.37829674299561	-0.558515935563068	0.909890403716271	1.20146072282298	0.618320084609562
CRUK0596	2.75349108083207	2.98483595554709	2.25509015466185	6.14939526183641	-0.909469151627465	2.75349108083207	3.20364281333897	2.33283590811144
CRUK0513	0.455319827782741	0.553050083492562	0.309017453799054	1.14020454328086	-0.27813700598924	0.45531982778274	0.549179701163656	0.352319863167798
CRUK0504	1.83948564690773	1.85041743477935	1.82855385903612	3.49185887347271	0.18711242034276	1.83948564690773	1.86004315682946	1.81892813698601
CRUK0569	1.12450748549002	1.12450748549002	1.12450748549002	1.12450748549002	1.12450748549002	1.12450748549002	1.12450748549002	1.12450748549002
CRUK0548	1.63592467604273	1.61099780793807	1.66085154414739	1.98607385189599	1.28577550018947	1.63592467604273	1.68608383674625	1.58576551533922
CRUK0521	-0.00735766829125979	-0.00735766829125979	-0.00735766829125979	-0.00735766829125979	-0.00735766829125979	-0.00735766829125979	-0.00735766829125979	-0.00735766829125979
CRUK0512	1.52771054700352	1.74409794790717	1.31132314609988	2.52639047753208	0.529030616474969	1.52771054700352	1.75208338280393	1.30333771120311
CRUK0589	2.42598884919759	2.29095221326628	2.56102548512891	4.12850297625602	0.723474722139169	2.42598884919759	2.50655081968858	2.34542687870661
CRUK0543	1.42253519688537	1.85106897271169	0.939427576994762	3.43375790956467	-0.643261359858222	1.42253519688537	1.69450214527386	0.939427576994762
CRUK0520	1.02680994229392	1.05244996498052	1.00116991960732	1.57299455307197	0.480625331515874	1.02680994229392	1.28070965908442	0.772910225503421
CRUK0553	3.3444200929762	3.35191129567747	3.33692889027494	4.00463252871865	2.68420765723375	3.3444200929762	3.34903314242511	3.33980704352729
CRUK0518	2.59723007882027	2.53077498548165	2.66368517215888	4.4320977070424	0.762362450598133	2.59723007882027	2.60617553201275	2.58828462562778
CRUK0524	2.39685908764614	2.70085559157271	2.09286258371958	3.36934813436693	1.42437004092536	2.39685908764614	2.57358228201689	2.2201358932754
CRUK0567	1.7032557829403	1.8910752489231	1.80793739477365	3.59146400457426	0.107548639122482	1.7032557829403	2.31506402244078	1.2930769952964
CRUK0511	2.01752182844	2.01752182844	2.01752182844	2.01752182844	2.01752182844	2.01752182844	2.01752182844	2.01752182844
CRUK0552	2.32154424414918	2.57576164091556	2.14054703940421	3.56923679015623	1.14707189016355	2.32154424414918	2.54629681697988	2.11394305902344
CRUK0684	0.955564625023632	0.903089338555111	1.00803991149215	1.59930272061646	0.311826529430807	0.955564625023632	1.01099131356969	0.900137936477569
CRUK0610	1.05041930670301	1.53954923421543	0.572969639342499	4.36846713779185	-2.25594826423392	1.05041930670301	1.53954923421543	0.574127085451781
CRUK0692	2.73583408269256	2.76823319179237	2.70343497359276	3.26970568991635	2.20196247546877	2.73583408269256	2.90282478643202	2.56884337895311
CRUK0681	2.81668722964279	2.98423094254097	2.75673963447903	5.29607611755457	0.444894459465424	2.81668722964279	3.14185992305308	2.47366518266232
CRUK0620	3.81132823319773	4.5305035233905	2.2249198501381	11.3358905383	-4.5804671647714	3.81132823319774	4.53774173423973	2.2249198501381
CRUK0667	2.89129346150405	3.25410257021632	2.50640054461479	6.52532910021358	-0.764825985382463	2.89129346150405	3.16996221756687	2.5444379001343
CRUK0686	2.49391911823211	2.4885541279674	2.49928410849682	4.79218548030296	0.195652756161262	2.49391911823211	2.49928410849682	2.4885541279674
CRUK0666	2.25968768758381	2.44674242503244	2.01684894842987	5.21747313365794	-0.753881760195636	2.25968768758381	2.65725644746209	1.98905259857181
CRUK0625	2.39969140505492	2.4465165533513	2.35286625675854	2.84057956965892	1.95880324045092	2.39969140505492	2.64984738024507	2.14953542986477
CRUK0696	1.77611164237716	2.07677943787674	1.19305655736159	4.19013511755394	-0.920299122315608	1.77611164237716	2.06732461141322	1.23899596889819
CRUK0691	1.20763276720118	1.20763276720118	1.20763276720118	1.20763276720118	1.20763276720118	1.20763276720118	1.20763276720118	1.20763276720118
CRUK0638	3.09373594754911	3.09373594754911	3.09373594754911	3.09373594754911	3.09373594754911	3.09373594754911	3.09373594754911	3.09373594754911
CRUK0674	2.25158731821488	2.73273601134224	1.77158361873068	8.11199703607813	-3.60767740600521	2.25158731821488	2.6791177247435	1.77158361873068
CRUK0693	2.29451821466354	2.37522357435129	2.18796091686127	3.65004194902567	0.913142542186887	2.29451821466354	2.46894459394073	2.1875664133647
CRUK0628	0.411780555183628	0.411780555183628	0.411780555183628	0.411780555183628	0.411780555183628	0.411780555183628	0.411780555183628	0.411780555183628
CRUK0682	3.27148543846411	3.31317635146095	3.20716648892095	4.91306266119109	1.60728017919081	3.27148543846411	3.32291939676618	3.20716648892095
CRUK0609	2.94606617381355	3.19662266449934	2.69550968312776	3.89111843100682	2.00101391662028	2.94606617381355	3.12396662419589	2.76816572343121
CRUK0606	2.49195081051094	2.58943209931223	2.32345538743971	5.3776322158917	-0.464744729139754	2.49195081051094	2.78497636239902	2.20813122837855
CRUK0678	1.76486194690678	1.88710235113041	1.64262154268315	2.80381574979482	0.72590814401874	1.76486194690678	1.88485610137327	1.64486779244029
CRUK0640	2.03163586482911	2.76783644092497	1.96893491289086	5.42964666491876	-0.692875311102936	2.03163586482911	2.87967924432741	1.30057174849481
CRUK0644	2.7507752043458	3.16519551503414	2.08213200368289	6.53130099452328	-1.28397347580626	2.7507752043458	3.19120356639475	2.08213200368289
CRUK0650	1.60726809972332	1.84284314333828	1.37169305610836	3.14785330557185	0.066682893874792	1.60726809972332	1.86236120129525	1.3521749981514
CRUK0607	1.37165537392296	1.38867614631324	1.04192060613105	3.15329185694396	-0.722695104499666	1.37165537392296	1.64014882422836	1.12537195650953
CRUK0680	2.61888430998063	3.50990422057183	1.90436572094522	7.94192770110179	-2.52765775958474	2.61888430998063	3.50990422057183	1.9045317453692
CRUK0617	3.13737211878557	3.34930253548907	2.73481598136626	4.46096588239398	1.62315263446136	3.13737211878557	3.45525730821025	2.61470489423705
CRUK0616	2.73595995675921	2.73187101463407	2.74004889888435	4.69153063728483	0.780389276233579	2.73595995675921	2.84657711159595	2.62534280192247
CRUK0649	1.95625679871947	1.9895805899863	1.92293300745265	2.37070717950777	1.54180641793117	1.95625679871947	1.96205870398175	1.9504548934572
CRUK0634	1.36033432742755	1.36033432742755	1.36033432742755	1.36033432742755	1.36033432742755	1.36033432742755	1.36033432742755	1.36033432742755
CRUK0679	1.98276344700822	1.97474792736241	1.99077896665403	2.70306690895746	1.26245998505897	1.98276344700822	2.13683859234697	1.82868830166947
CRUK0698	1.84980277045204	1.92616244072966	1.82515334791155	3.78597599475391	-0.0346602061127042	1.84980277045205	1.86390588402805	1.84195913349952
CRUK0709	2.19034496055529	2.54293798305496	1.83775193805561	4.14492499508471	0.235764926025868	2.19034496055529	2.54293798305496	1.83775193805561
CRUK0768	3.41915652338555	3.32182760359485	3.51648544317625	4.34921203066517	2.48910101610593	3.41915652338555	3.45573665587945	3.38257639089164
CRUK0784	2.54950584747132	2.69987141189471	2.37448171277799	5.91867328381894	-0.844320159146233	2.54950584747132	2.59628893747276	2.48752100302141
CRUK0742	2.25809436844361	2.63676742439084	1.87942131249639	4.44207632162594	0.074112415261293	2.25809436844361	2.63676742439084	1.87942131249639
CRUK0781	2.440040526462	2.8470936891065	2.0329873638175	4.73737594540576	0.142705107518238	2.440040526462	2.8470936891065	2.0329873638175
CRUK0731	2.98326119205983	3.06495917823726	2.9015632058824	5.26194694530975	0.704575438809905	2.98326119205983	3.04010646837137	2.92641591574829
CRUK0710	1.57323846666211	1.59276000499478	1.55371692832943	2.71518691599283	0.431290017331384	1.57323846666211	1.59276000499478	1.55371692832943
CRUK0721	2.22588526892285	2.38121235474174	2.07055818310396	4.42129041125158	0.0304801265941208	2.22588526892285	2.62863435374411	1.82313618410159
CRUK0775	1.65711830641974	1.71136463042961	1.60287198240987	2.01609641045714	1.29814020238234	1.65711830641974	1.73462056192581	1.57961605091366
CRUK0799	0.713107315654845	0.840546089992416	0.585668541317273	1.56480504353079	-0.138590412221104	0.713107315654845	0.817679277656408	0.608535353653282
CRUK0730	0.823650772420148	0.823650772420148	0.823650772420148	0.823650772420148	0.823650772420148	0.823650772420148	0.823650772420148	0.823650772420148
CRUK0706	2.65370325656247	2.8198839836715	2.55249256399458	5.52467268008798	-0.152296132421905	2.65370325656246	2.88669068634104	2.54709379750142
CRUK0787	1.36441267310932	1.53684227002513	1.19198307619352	2.05111322364601	0.677712122572643	1.36441267310933	1.55886235652138	1.16996298969727
CRUK0748	2.70877984747002	2.71890814794593	2.00823761560641	6.38423371574446	-1.65708795219212	2.70877984747002	3.13600071362642	2.02455270131107
CRUK0707	2.96531721001868	3.10380361953161	2.82683080050576	3.46093242476591	2.46970199527146	2.96531721001868	3.16618978130871	2.76444463872866
CRUK0749	3.99860136545942	4.06708638434208	3.87677486518178	5.4160051862815	2.52785606324237	3.99860136545942	4.08497215656072	3.91521816354925
CRUK0735	1.9423877088832	1.9423877088832	1.9423877088832	1.9423877088832	1.9423877088832	1.9423877088832	1.9423877088832	1.9423877088832
CRUK0761	1.51839936875497	1.42651899485642	1.61027974265352	2.17779432947607	0.859004408033869	1.51839936875497	1.66390225042346	1.37289648708648
CRUK0717	2.17529820167072	2.83443139147675	1.79604535414193	4.63491533494892	-0.00443858933023644	2.17529820167072	2.6500513703127	1.79365137466688
CRUK0736	2.54797057435825	2.54797057435825	2.54797057435825	2.54797057435825	2.54797057435825	2.54797057435825	2.54797057435825	2.54797057435825
CRUK0737	2.47399542593149	3.08367858671021	1.86431226515278	7.98072578296045	-3.03273493109746	2.47399542593149	3.08367858671021	1.86431226515278
CRUK0702	1.78400124557864	2.45183197916034	1.92619888119835	7.18502083346581	-2.80698997310712	1.78400124557864	2.49072955946249	0.929179096597727
CRUK0766	3.62385120685458	3.78056622551101	3.46713618819816	4.26335426863645	2.98434814507271	3.62385120685458	3.67689064960304	3.57081176410612
CRUK0734	2.77897895199619	2.92013598541687	2.63782191857551	5.82795390414492	-0.269996000152536	2.77897895199619	2.89975834780653	2.65819955618586
CRUK0772	2.46661096845597	2.46661096845597	2.46661096845597	2.46661096845597	2.46661096845597	2.46661096845597	2.46661096845597	2.46661096845597
CRUK0769	2.49173224958063	2.45803742210606	2.52542707705519	3.79610393050582	1.18736056865543	2.49173224958063	2.58931516854624	2.39414933061501
CRUK0756	0.903814707463046	0.937674577742263	0.869954837183829	1.16299497763431	0.644634437291779	0.903814707463046	0.984144409435778	0.823485005490315
CRUK0794	1.61192568982742	2.16865538488676	1.05519599476808	6.78501972752284	-3.561168347868	1.61192568982742	2.16865538488676	1.05519599476808
CRUK0755	0.403313637995485	0.403313637995485	0.403313637995485	0.403313637995485	0.403313637995485	0.403313637995485	0.403313637995485	0.403313637995485
CRUK0729	3.08286214595057	3.01045854371466	3.16933509842084	4.22350241526223	1.95629122687328	3.08286214595057	3.31109984961154	2.64033607057321
CRUK0714	2.01249681117481	1.99313819801468	1.75936358476419	4.4668272609163	-0.714325478137433	2.01249681117481	2.17276533812767	1.87602132302896
CRUK0738	1.08601514184638	1.20595173027354	0.92900236841911	1.69728153988607	0.437672558806578	1.08601514184638	1.16867684663074	0.957904720089266
CRUK0733	2.36445231017559	2.08484696233131	2.64405765801988	3.78720237288612	0.941702247465067	2.36445231017559	2.67368239800869	2.05522222234249
CRUK0722	2.71541067477757	2.71541067477757	2.71541067477757	2.71541067477757	2.71541067477757	2.71541067477757	2.71541067477757	2.71541067477757
CRUK0771	3.3105297993359	3.33581866565053	3.40543345440132	5.45844887611536	1.2828032439365	3.3105297993359	3.40076899783769	3.2111242893744
CRUK0719	2.83637947463802	2.83637947463802	2.83637947463802	2.83637947463802	2.83637947463802	2.83637947463802	2.83637947463802	2.83637947463802
CRUK0718	3.00382291461259	3.01227822539987	2.99536760382529	4.07519363199465	1.93245219723052	3.00382291461259	3.13561713895105	2.87202869027412
CRUK0764	1.09864688311187	1.16348833844178	1.03380542778196	1.79870010249584	0.398593663727895	1.09864688311187	1.19203774600952	1.00525602021422
CRUK0704	1.51672445251822	2.54144297714601	0.328036443551878	10.7931728630648	-7.9236934423669	1.51672445251822	2.70381337204285	0.295580688611395
CRUK0745	2.59517255662901	2.59052194017497	2.59982317308305	4.56510607932148	0.625239033936544	2.59517255662901	2.59904655615564	2.59129855710239
CRUK0861	3.81188633977862	3.94485110767957	3.67892157187767	4.64738825773192	2.97638442182531	3.81188633977862	3.94174930912353	3.6820233704337
CRUK0893	2.35513513006289	2.35513513006289	2.35513513006289	2.35513513006289	2.35513513006289	2.35513513006289	2.35513513006289	2.35513513006289
CRUK0872	1.94856980870171	1.84052754680407	2.05661207059935	3.01232664027243	0.884812977130985	1.94856980870171	2.48269852919198	1.41444108821144
CRUK0817	2.07210582129113	2.18434120052316	1.94084591327396	4.33427498971217	-0.209087875915046	2.07210582129113	2.54342076787649	1.64457703760526
CRUK0810	1.00371774588532	1.4465293982111	0.549477611361012	9.08220794961901	-7.0862009400469	1.00371774588532	1.52860402130724	0.466826172129944
