m1.s.avg	m1.s.max	m1.s.min	m1.s.adj	m1.s.rev	m2.s.avg	m2.s.max	m2.s.min
CRUK0034	13.1548246933137	13.9277457356706	12.3819036509569	17.1736150174402	9.13603436918733	13.1548246933137	13.446405057859	12.8632443287685
CRUK0045	6.19157575817654	7.67539538190197	4.70775613445112	14.4402967377594	-2.05714522140636	6.19157575817654	7.82134650945523	4.56180500689786
CRUK0005	14.2153378440359	15.6608240184684	12.4684795981516	21.1105019200473	7.0188016965726	14.2153378440359	16.0372789331943	12.7971486288843
CRUK0028	13.5594145967283	14.1951980186813	12.9236311747753	16.0237381463266	11.0950910471301	13.5594145967283	14.0948198176071	13.0240093758495
CRUK0117	7.66237995026019	8.24760150145404	7.07715839906635	11.1196195945215	4.20514030599891	7.66237995026019	7.96572996429735	7.35902993622304
CRUK0024	13.2069374662588	14.9472189680674	12.2843664883946	23.3183340050685	3.91325145139347	13.2069374662588	14.4609586858645	11.4928631953255
CRUK0128	11.8033663533139	11.8033663533139	11.8033663533139	11.8033663533139	11.8033663533139	11.8033663533139	11.8033663533139	11.8033663533139
CRUK0051	9.06851044334183	9.99904571556145	7.96902489676854	18.2377125300389	-0.269641917708867	9.06851044334182	9.66613773040554	8.43241237521695
CRUK0042	15.7427337278678	16.247354496845	15.2381129588905	18.9474238598832	12.5380435958523	15.7427337278678	16.4807149968882	15.0047524588474
CRUK0004	14.3296493026035	16.5533354975128	12.1994778487154	26.0979995782818	2.6548137679464	14.3296493026035	15.4343468072513	12.8112833344611
CRUK0057	14.0807182211483	15.0386603034604	13.1227761388362	20.0323423261365	8.12909411616012	14.0807182211483	15.0223003049195	13.1391361373771
CRUK0003	11.6687058103726	13.4819161519344	9.5977688407864	20.4150587752092	2.66462621751162	11.6687058103726	12.7228379435881	10.8604331019193
CRUK0026	11.7543679921949	12.1938469602208	11.314889024169	13.8576040719338	9.65113191245597	11.7543679921949	11.8507185570789	11.6580174273108
CRUK0039	17.143453526879	17.9130199347523	16.3738871190057	21.3961629939071	12.8907440598508	17.143453526879	17.9404664934761	16.3464405602818
CRUK0016	13.9983898038256	14.490574293008	13.5062053146432	16.6633663524148	11.3334132552364	13.9983898038256	14.3497693158347	13.6470102918165
CRUK0018	16.2124821009374	17.1246652164875	14.7983238109594	24.6207475409506	7.30224148649621	16.2124821009374	17.1103238144079	15.5673859465277
CRUK0053	14.9227873691104	16.2475182469055	13.5980564913154	24.1235359519737	5.72203878624721	14.9227873691104	16.5780370583614	13.2675376798595
CRUK0017	15.3706633664159	16.694454315538	13.513646116405	24.0792778561489	6.12882257579416	15.3706633664159	17.411653177462	13.1537960255169
CRUK0021	15.7621589466279	16.5017072848852	15.0226106083706	20.3208052056275	11.2035126876282	15.7621589466279	16.0088952446409	15.5154226486148
CRUK0060	13.0281414099743	13.6667183313048	12.3895644886438	16.6974747409643	9.3588080789844	13.0281414099743	13.1264264315856	12.9298563883631
CRUK0032	8.89425391696395	9.84730331135508	8.29193166332276	16.8823601392142	1.25687483546359	8.89425391696395	10.383466035225	6.87264816247757
CRUK0055	12.0168899095833	15.3724647958398	8.08800944355227	31.9630512380985	-8.50257699870643	12.0168899095833	15.553560778317	7.93354633074818
CRUK0020	13.3755588080847	13.8094609042643	12.941656711905	17.0889036194642	9.66221399670506	13.3755588080846	13.620696894596	13.1304207215733
CRUK0027	15.1002294975701	15.3848886164299	14.8155703787102	19.0057238242008	11.1947351709393	15.1002294975701	15.2268809747198	14.9735780204203
CRUK0124	13.1465028928909	13.404216704125	12.8887890816569	15.9106023585016	10.3824034272802	13.1465028928909	13.4340732085303	12.8589325772515
CRUK0008	15.5252730540831	16.7719852833874	14.2785608247789	21.1159121316163	9.93463397654992	15.5252730540831	16.8353526101536	14.2151934980127
CRUK0199	10.4944280973164	10.4944280973164	10.4944280973164	10.4944280973164	10.4944280973164	10.4944280973164	10.4944280973164	10.4944280973164
CRUK0182	12.0045301748849	11.9595755601244	12.0494847896455	15.3552391328113	8.65382121695853	12.0045301748849	12.1505070901535	11.8585532596163
CRUK0029	18.7314667913194	19.6698463658122	16.7666289972535	29.4187593753978	7.01771598766799	18.7314667913194	20.5518281158066	15.9806976738856
CRUK0061	15.6431625351397	15.6431625351397	15.6431625351397	15.6431625351397	15.6431625351397	15.6431625351397	15.6431625351397	15.6431625351397
CRUK0023	13.7170378844267	13.9512002658034	13.48287550305	19.1467352987149	8.28734047013843	13.7170378844267	14.3189958960144	13.115079872839
CRUK0035	12.8252795253718	13.0913713887146	12.6163993909475	15.9896326038427	9.71813817581941	12.8252795253718	13.274161884802	12.4495824034668
CRUK0044	12.4512308158095	13.0005956040816	11.9018660275374	18.0408674363302	6.8615941952888	12.4512308158095	13.6194420026314	11.2830196289876
CRUK0050	14.785405928703	16.3525860956428	13.5020039020242	20.3957416394922	9.45884835817487	14.785405928703	15.3915793081241	14.3103806464568
CRUK0030	14.4341877640868	15.8867899482231	13.2065473394624	23.1788373027022	5.91449998498328	14.4341877640869	15.5781329413729	13.6585304537873
CRUK0157	15.3063114575822	17.5555782098933	13.4984895554578	25.1559738248864	5.89809394046466	15.3063114575822	17.2455683338033	14.3142044836723
CRUK0052	14.4051989114636	15.8990269687536	13.2364557464584	22.4949633351575	6.6405193800546	14.4051989114636	15.1486461749807	13.6085785966873
CRUK0010	14.3263021072631	14.3263021072631	14.3263021072631	14.3263021072631	14.3263021072631	14.3263021072631	14.3263021072631	14.3263021072631
CRUK0046	13.0754455274955	13.8614492251417	12.2680704039531	18.7524864140721	7.37703321502278	13.0754455274955	13.5345564625367	12.7845401069838
CRUK0142	13.5974264694273	14.0597997249523	13.1350532139024	16.8397334487139	10.3551194901408	13.5974264694273	13.6112992689403	13.5835536699144
CRUK0115	15.4048512450062	15.7067456004994	15.102956889513	17.1084753778031	13.7012271122094	15.4048512450062	15.5834695348317	15.2262329551808
CRUK0041	15.5754758991228	17.1115049999502	13.4699414234447	26.5839195851301	3.99752683826484	15.5754758991228	17.3616001287452	13.6500695683834
CRUK0036	15.2643585117168	17.9053156576966	12.2804113918763	23.9584164020667	6.22731064750623	15.2643585117168	16.903430628059	12.2865071040218
CRUK0012	10.7548552554513	10.7548552554513	10.7548552554513	10.7548552554513	10.7548552554513	10.7548552554513	10.7548552554513	10.7548552554513
CRUK0001	11.9253396454459	13.3244953188558	10.526183972036	17.8587469361509	5.99193235474087	11.9253396454459	13.3277709969776	10.5229082939142
CRUK0047	15.1793129414492	15.5593319397359	14.7992939431624	17.379561451321	12.9790644315773	15.1793129414492	15.4198733629592	14.9387525199391
CRUK0033	15.231732250162	15.3366669421875	15.1267975581365	16.890362942954	13.57310155737	15.231732250162	15.3564654906209	15.1069990097031
CRUK0009	13.7985218712609	14.429777626286	13.1672661162359	20.2321502038299	7.36489353869192	13.7985218712609	15.2420596606309	12.3549840818909
CRUK0178	12.0311479036407	14.4349786537056	10.0172819263543	23.1084461322067	1.34381444785316	12.0311479036407	13.1635386808038	10.1620875862099
CRUK0049	9.65142306941263	9.65142306941263	9.65142306941263	9.65142306941263	9.65142306941263	9.65142306941263	9.65142306941263	9.65142306941263
CRUK0025	15.230119996851	15.7990986371872	14.6611413565147	17.681568628372	12.7786713653299	15.230119996851	15.7067136216539	14.753526372048
CRUK0006	10.936616054774	11.8857563701421	9.98747573940589	14.0304261526844	7.84280595686358	10.936616054774	11.7361549496024	10.1370771599456
CRUK0259	13.6205239442291	14.0520568053499	13.1889910831083	17.673878091623	9.56716979683519	13.6205239442291	14.1451217142285	13.0959261742297
CRUK0270	14.3037562679939	15.3104506637237	12.99423335142	23.7607048613268	4.54397915381688	14.3037562679939	15.386461573804	13.1898021819282
CRUK0048	13.5912142282144	14.0631122081403	13.1193162482884	15.8583730958081	11.3240553606206	13.5912142282144	13.931450315343	13.2509781410857
CRUK0296	16.4150787121975	16.6802243801541	16.149933044241	18.2998347464252	14.5303226779699	16.4150787121975	16.4998415319022	16.3303158924929
CRUK0253	10.4769215109662	12.3605328294755	8.7424374576783	22.7504857952833	-1.64751550812949	10.4769215109662	11.6420029856637	8.67154791743582
CRUK0019	12.778029716304	12.778029716304	12.778029716304	12.778029716304	12.778029716304	12.778029716304	12.778029716304	12.778029716304
CRUK0285	8.43303034675755	8.43303034675755	8.43303034675755	8.43303034675755	8.43303034675755	8.43303034675755	8.43303034675755	8.43303034675755
CRUK0272	13.8827264930865	15.4970389223348	13.2223311958893	23.8816746936651	4.83769542455904	13.8827264930865	15.2297533049019	13.4008921254775
CRUK0011	8.40472321944559	9.48422678807665	6.56953078836065	16.3458361254066	-0.292078548969278	8.40472321944558	9.29957836883523	6.85776814935547
CRUK0037	11.2529150604197	13.5942883594821	8.48383963245917	24.8684551213766	-2.79032712943537	11.2529150604197	12.9642807548107	8.57708802201894
CRUK0014	13.3876473065374	13.3876473065374	13.3876473065374	13.3876473065374	13.3876473065374	13.3876473065374	13.3876473065374	13.3876473065374
CRUK0279	8.92471083352481	8.92471083352481	8.92471083352481	8.92471083352481	8.92471083352481	8.92471083352481	8.92471083352481	8.92471083352481
CRUK0223	16.5942456136841	21.1386094885559	13.1121968562592	37.5460772685867	-3.29527092377161	16.5942456136841	19.5537862268883	15.0271470407647
CRUK0287	13.0975575127769	13.7032665047918	12.491848520762	15.0748401468642	11.1202748786897	13.0975575127769	13.3723318306582	12.8227831948956
CRUK0276	16.8618413749791	18.8564541448245	14.5119864599658	24.6831008908937	8.68533971389656	16.8618413749791	17.8137932136902	15.4230912598694
CRUK0242	14.1665700708198	15.0217196132419	13.6612713858423	22.1086645842519	6.57432641483224	14.1665700708198	15.3622030854445	13.3349226533649
CRUK0022	10.5415399089983	11.3126893654699	9.77039045252661	14.3979549613146	6.68512485668195	10.5415399089983	10.5567281375034	10.5263516804931
CRUK0206	14.7888979454989	16.0065049408193	13.4870810252087	22.3727574577164	7.12082850831158	14.7888979454989	16.3323195068994	13.3789622795955
CRUK0297	6.0451750307235	6.0451750307235	6.0451750307235	6.0451750307235	6.0451750307235	6.0451750307235	6.0451750307235	6.0451750307235
CRUK0284	12.610184527144	16.0223356396704	9.63698835533978	26.6504305736839	-0.991106578673698	12.610184527144	14.0652251225388	11.4769594955139
CRUK0233	10.6890715620016	11.5352807361395	9.8428623878636	13.8531603667967	7.52498275720645	10.6890715620016	11.1695025302295	10.2086405937736
CRUK0280	13.6386821032145	14.6172152573903	12.477418618726	21.7961112303413	5.29852264577502	13.6386821032145	14.4163481755438	12.7890343581964
CRUK0247	9.90144531946152	10.5867513607315	9.21613927819156	13.1319515989443	6.67093903997877	9.90144531946152	10.6506686725858	9.15222196633725
CRUK0274	12.8834193408214	15.316853642705	10.8736397934411	26.5665713115083	-0.376077875362229	12.8834193408214	15.5018365790077	11.3682625126769
CRUK0212	12.0000312677962	12.0000312677962	12.0000312677962	12.0000312677962	12.0000312677962	12.0000312677962	12.0000312677962	12.0000312677962
CRUK0299	14.067878760868	15.0526680109113	13.0830895108247	20.8837281626773	7.25202935905862	14.067878760868	14.7936588911611	13.3420986305749
CRUK0372	7.04541793156414	7.04541793156414	7.04541793156414	7.04541793156414	7.04541793156414	7.04541793156414	7.04541793156414	7.04541793156414
CRUK0361	14.5433070986353	19.1878570250588	10.069693787528	35.2073700737774	-5.94981926119058	14.5433070986353	19.220958625772	10.2062410785561
CRUK0380	15.5821755376814	16.6174506599326	14.041785639707	24.3055441169116	6.35369218272798	15.5821755376814	16.9708055287085	14.6615953908722
CRUK0352	16.7458950915986	18.5392327393569	14.9525574438402	28.8088561829218	4.68293400027531	16.7458950915986	18.3505710516794	15.1412191315177
CRUK0371	14.7227582244566	15.2597272188038	14.1857892301093	16.2818160079187	13.1637004409945	14.7227582244566	14.9084802334608	14.5370362154523
CRUK0344	15.4155991402345	16.6845298238751	14.1466684565939	22.9607993568217	7.87039892364737	15.4155991402345	15.5770942436056	15.2541040368635
CRUK0313	7.54554440902279	7.54554440902279	7.54554440902279	7.54554440902279	7.54554440902279	7.54554440902279	7.54554440902279	7.54554440902279
CRUK0369	16.8086166528603	19.6066104796916	11.2406615381257	41.15332721099	-10.3060551931727	16.8086166528603	20.0180385409821	10.5415324328389
CRUK0375	6.61855790002247	7.82664517234378	5.41047062770115	16.0173219272342	-2.78020612718926	6.61855790002247	8.02908489952062	5.20803090052431
CRUK0388	11.0636253577619	12.8779656232285	8.34509422869492	23.8462977939498	-2.62323794202642	11.0636253577619	12.9193389386467	10.0307969505563
CRUK0370	9.96747052841778	10.6660577611346	9.26888329570095	12.0463082387595	7.88863281807602	9.96747052841778	10.0055126353092	9.92942842152635
CRUK0386	12.8962124086627	12.8962124086627	12.8962124086627	12.8962124086627	12.8962124086627	12.8962124086627	12.8962124086627	12.8962124086627
CRUK0322	13.6433917018656	16.1156055160373	9.98845953461659	30.2606566036703	-4.15659155301645	13.6433917018656	16.1807998955979	9.77249906188513
CRUK0316	13.9629286810288	14.4404870103292	13.4844938163707	18.1630026690793	9.76197815762062	13.9629286810288	14.3668242337549	13.6809841522456
CRUK0301	12.347236353834	12.347236353834	12.347236353834	12.347236353834	12.347236353834	12.347236353834	12.347236353834	12.347236353834
CRUK0333	11.8569763876898	12.7831744810741	10.957880254589	19.4602538288729	4.28080090679015	11.8569763876898	12.6033880339565	11.2798091333059
CRUK0379	13.3654256546903	16.3822458007877	9.97184180805636	33.1131062023013	-6.75901859345723	13.3654256546903	15.4712395539865	9.95767395660185
CRUK0377	13.1194704690862	13.1194704690862	13.1194704690862	13.1194704690862	13.1194704690862	13.1194704690862	13.1194704690862	13.1194704690862
CRUK0394	19.0143527281251	19.9738969312227	18.6556136962359	24.9131055701022	13.7164050573563	19.0143527281251	19.6160717779617	17.9073375994611
CRUK0368	10.2052712452424	11.3883451455926	9.02219734489216	15.459691146332	4.95085134415266	10.2052712452424	10.7097915604572	9.70075093002747
CRUK0319	7.06156080780616	7.06156080780616	7.06156080780616	7.06156080780616	7.06156080780616	7.06156080780616	7.06156080780616	7.06156080780616
CRUK0350	14.4859580356519	14.8038951140687	14.168020957235	16.8765178864441	12.0953981848597	14.4859580356519	14.7440158461299	14.2279002251739
CRUK0337	15.1986023602617	15.1986023602617	15.1986023602617	15.1986023602617	15.1986023602617	15.1986023602617	15.1986023602617	15.1986023602617
CRUK0359	13.1306734604876	14.0595734399519	12.2017734810233	19.4229420401535	6.83840488082177	13.1306734604876	14.6968098735068	11.5645370474684
CRUK0343	12.022701764151	13.4877193178635	9.24100678834136	24.8641061154136	-2.13538000920871	12.022701764151	13.2997964980185	9.18722879968471
CRUK0385	13.0412327976379	13.7251423250933	12.5589926071746	22.463535363603	3.82059956866489	13.0412327976379	13.5965230392996	12.4777238433729
CRUK0460	10.7179726038191	12.4861907804036	8.92513246517059	18.0683682472611	3.34295499831309	10.7179726038191	12.2738305984856	9.37583190044786
CRUK0492	10.1018332662651	10.1018332662651	10.1018332662651	10.1018332662651	10.1018332662651	10.1018332662651	10.1018332662651	10.1018332662651
CRUK0487	16.5977078261772	18.3354350748818	12.3825295053367	33.108656742932	-2.39069216271349	16.5977078261772	18.6849815617215	12.3342488061141
CRUK0408	14.752551558225	14.752551558225	14.752551558225	14.752551558225	14.752551558225	14.752551558225	14.752551558225	14.752551558225
CRUK0497	18.175784295836	19.8424461478103	15.6857342500412	26.44207755203	9.0861028458215	18.175784295836	18.2860827748395	18.1197343169458
CRUK0410	13.9242374428521	17.9542708353953	10.6934616121588	30.6258893425569	-1.97815689500287	13.9242374428521	17.2754911804562	10.9743668417875
CRUK0412	14.8311181145223	16.5612653921745	12.6253748610909	22.8287104528896	6.3579298003758	14.8311181145223	16.2188695140698	12.6389799771302
CRUK0401	11.5344726719065	12.6633215822735	10.4056237615396	15.7712297141666	7.29771562964647	11.5344726719065	12.507309601784	10.5616357420291
CRUK0496	16.8273698551959	17.8132264654818	14.9214704770842	25.3207855737154	7.41391136885065	16.8273698551959	17.9035909285376	14.8134018952002
CRUK0431	12.0263132431407	12.039667156679	12.0129593296025	14.8488676915316	9.20375879474983	12.0263132431407	12.2305058826389	11.8221206036425
CRUK0447	15.1375249738022	15.1375249738022	15.1375249738022	15.1375249738022	15.1375249738022	15.1375249738022	15.1375249738022	15.1375249738022
CRUK0404	13.1554289711429	14.8311762603519	11.4796816819339	20.0540432541288	6.2568146881571	13.1554289711429	14.5649928121709	11.745865130115
CRUK0450	9.5963005285654	9.97314278193528	9.21945827519551	14.4206929149823	4.77190814214854	9.5963005285654	10.1548146193162	9.0377864378146
CRUK0416	12.3411744016204	15.0232069168343	9.76653283483699	22.2340640377215	2.55567571394978	12.3411744016204	13.8327186722229	10.0149184653047
CRUK0462	10.8396674129019	12.5958018699905	9.23921382149098	19.9966085261906	1.83840716529089	10.8396674129019	12.432704177874	9.32274519393783
CRUK0418	11.1800058542378	11.1800058542378	11.1800058542378	11.1800058542378	11.1800058542378	11.1800058542378	11.1800058542378	11.1800058542378
CRUK0406	15.4774209737552	16.6031428354983	14.5975269635556	22.9482677683425	8.25240203071145	15.4774209737552	16.2680292326425	14.269682202558
CRUK0453	14.628270809116	14.628270809116	14.628270809116	14.628270809116	14.628270809116	14.628270809116	14.628270809116	14.628270809116
CRUK0542	13.8812169951595	14.9285653189773	12.8338686713416	21.4512234524812	6.31121053783776	13.8812169951595	14.2664503926204	13.4959835976985
CRUK0573	15.554419376468	16.6991875562601	14.7055324492002	20.6201970834543	10.784522922006	15.554419376468	15.9581166111769	15.330474689572
CRUK0525	15.9550721397944	17.1593565332686	14.7507877463201	21.8838038116947	10.0263404678941	15.9550721397944	16.8773845318769	15.0327597477118
CRUK0541	16.6371069615393	16.5930541686946	16.6811597543841	19.8155359581689	13.4586779649098	16.6371069615393	16.8175163937918	16.4566975292869
CRUK0592	14.6417562463469	15.3713757207434	14.0301965639884	19.4941419367366	9.90743034799523	14.6417562463469	15.6288123036253	13.9221397955958
CRUK0578	11.7330883560085	11.7330883560085	11.7330883560085	11.7330883560085	11.7330883560085	11.7330883560085	11.7330883560085	11.7330883560085
CRUK0519	12.8874001964327	14.2595985978682	11.1399940638613	23.6724841323728	1.7271085293567	12.8874001964327	14.3570792726694	11.2160923926063
CRUK0533	11.3175737061888	13.1877295404645	8.68178458893253	20.7634940434452	1.10602008595183	11.3175737061888	12.2223048935231	9.02276882941515
CRUK0581	11.7029553656919	12.1719524048838	11.2339583265001	14.0828749812195	9.32303575016442	11.7029553656919	11.7854845357196	11.6204261956643
CRUK0537	9.9504497376055	13.3525556699979	6.54834380521312	29.6155776474162	-9.71467817220521	9.9504497376055	13.3783025346443	6.5225969405667
CRUK0555	13.3867675798006	16.4004654015208	10.3730697580804	24.069568558107	2.70396660149426	13.3867675798006	16.3521709037592	10.421364255842
CRUK0586	15.6943606085595	16.8746558842774	14.5140653328416	22.9828123983222	8.40590881879675	15.6943606085595	15.7251608455888	15.6635603715302
CRUK0530	8.93339346010885	11.4586639734276	6.40812294679006	20.5251104053297	-2.65832348511199	8.93339346010885	11.3771224177399	6.48966450247785
CRUK0559	10.5351641667989	11.1209821280156	9.94934620558218	13.6138356525629	7.4564926810349	10.5351641667989	11.0188545436098	10.051473789988
CRUK0570	10.7505147243557	11.9525492491353	9.548480199576	18.2605124574027	3.24051699130859	10.7505147243556	11.9891937819247	9.51183566678663
CRUK0513	12.149721949842	13.9614813597777	10.3837156694083	19.7043189920355	4.64087803715052	12.149721949842	12.9984731943484	11.3021065133277
CRUK0504	12.6648697286005	12.7841766928061	12.5455627643949	15.1235519677809	10.2061874894201	12.6648697286005	13.5477393577134	11.7820000994875
CRUK0569	10.8709257557061	10.8709257557061	10.8709257557061	10.8709257557061	10.8709257557061	10.8709257557061	10.8709257557061	10.8709257557061
CRUK0548	13.7789961149434	14.8452817624454	12.7127104674413	16.8028935927192	10.7550986371675	13.7789961149434	15.0829235355981	12.4750686942886
CRUK0521	8.30828496138232	8.30828496138232	8.30828496138232	8.30828496138232	8.30828496138232	8.30828496138232	8.30828496138232	8.30828496138232
CRUK0512	15.7396239315715	16.3252097232292	15.1540381399137	18.361139574515	13.118108288628	15.7396239315715	16.3434320886096	15.1358157745334
CRUK0543	10.4607982695755	11.0108300400284	9.45624509182209	17.974132494689	2.49294263716149	10.4607982695755	11.4957653494151	9.83805840020304
CRUK0520	11.6540359465562	11.9559316747503	11.3521402183622	14.7393304680646	8.56874142504792	11.6540359465562	11.7534424169721	11.5546294761404
CRUK0567	13.4020631664443	15.177353523513	11.7117039417149	21.9153070763808	4.97375038884711	13.4020631664443	14.299854231397	12.0883028179933
CRUK0511	14.1432058820709	14.1432058820709	14.1432058820709	14.1432058820709	14.1432058820709	14.1432058820709	14.1432058820709	14.1432058820709
CRUK0552	14.2207121712732	15.9697018192459	12.5366604302461	20.0398836071297	8.46647864236227	14.2207121712732	14.8488058322225	13.5199849326777
CRUK0684	12.8951757089428	13.586565800728	12.2037856171576	15.4006083744402	10.3897430434453	12.8951757089428	13.3404126572798	12.4499387606058
CRUK0610	8.77895382775939	10.2276412190554	7.49481466841783	17.184755456552	0.537700430921151	8.77895382775939	10.5260853255965	7.23733180342331
CRUK0620	15.9519270525838	19.4289271403436	12.4164016391049	36.0497789165338	-4.20445013708519	15.9519270525838	18.2641750725732	12.9583482171483
CRUK0667	13.8389897771172	14.6692473571726	13.1607922463487	22.2200008929077	5.61003871061356	13.8389897771172	14.3908925547702	13.3018970935103
CRUK0666	15.9589511765214	17.3771969256876	14.3270501023755	23.9249463375997	7.77930069046339	15.9589511765214	16.8628237369726	14.9446009700406
CRUK0625	15.1295662352316	15.549874317355	14.7092581531083	17.8134710466143	12.445661423849	15.1295662352316	15.2918243234638	14.9673081469994
CRUK0696	13.7585931286964	15.3440360590646	11.7558035165464	20.6539990355404	6.44584054007054	13.7585931286964	13.8427222507637	13.6883748923787
CRUK0693	17.137528684321	18.7632518438002	15.3459141410303	25.3213044352296	8.78786154960094	17.137528684321	18.1140583825668	15.9926401309109
CRUK0628	9.61063613058868	9.61063613058868	9.61063613058868	9.61063613058868	9.61063613058868	9.61063613058868	9.61063613058868	9.61063613058868
CRUK0678	13.2349863855429	13.9201749398885	12.5497978311972	16.1106700761194	10.3593026949663	13.2349863855429	13.736844104659	12.7331286664267
CRUK0650	11.6374410773767	13.0053037459243	10.269578408829	17.5663805278229	5.70850162693039	11.6374410773767	12.0495099617045	11.2253721930488
CRUK0607	13.7931535959409	14.5350141841129	12.6670730170459	20.3823157717508	6.81977142940795	13.7931535959409	14.5238065482199	12.5593413880528
CRUK0680	13.9769582748078	15.6284048350459	12.235758905077	24.3183757572278	3.54578798289502	13.9769582748078	15.1349898270204	12.7920676650255
CRUK0634	13.4966732061331	13.4966732061331	13.4966732061331	13.4966732061331	13.4966732061331	13.4966732061331	13.4966732061331	13.4966732061331
CRUK0709	13.355157028844	13.9105830793522	12.7997309783357	16.7532157800048	9.95709827768311	13.355157028844	14.304619191191	12.405694866497
CRUK0742	14.0062736348462	14.2428338166924	13.7697134530001	16.444092660116	11.5684546095765	14.0062736348462	14.2144438267902	13.7981034429022
CRUK0721	12.1499724150054	14.1531837436266	10.1467610863843	22.4873126917176	1.81263213829333	12.1499724150055	13.210455946883	11.0894888831279
CRUK0775	15.1054603812698	15.1122130144528	15.0987077480869	17.2205619651933	12.9903587973463	15.1054603812698	15.2204294560435	14.9904913064961
CRUK0799	8.99901533178859	10.5252812314829	7.47274943209427	17.7644688378831	0.233561825694066	8.99901533178858	10.0331739653361	7.96485669824107
CRUK0730	11.5674092062506	11.5674092062506	11.5674092062506	11.5674092062506	11.5674092062506	11.5674092062506	11.5674092062506	11.5674092062506
CRUK0787	13.7285266184663	14.5895236678823	12.8675295690502	16.6525540121269	10.8044992248057	13.7285266184663	13.7330013081417	13.7240519287909
CRUK0748	16.9178909548099	18.5691815976902	14.2475633661676	28.1286682858922	4.68807667796553	16.9178909548099	18.3856447942792	14.883293276621
CRUK0707	14.6889405341178	14.8716779128982	14.5062031553375	18.1223071883846	11.2555738798511	14.6889405341178	15.3434863216371	14.0343947465986
CRUK0761	13.4040149967337	14.6564912544465	12.1515387390209	19.8181644077525	6.98986558571486	13.4040149967337	14.5073794442323	12.3006505492351
CRUK0736	14.6656559527555	14.6656559527555	14.6656559527555	14.6656559527555	14.6656559527555	14.6656559527555	14.6656559527555	14.6656559527555
CRUK0766	14.3135510574379	14.9438681716091	13.6832339432666	18.6740580920859	9.95304402278978	14.3135510574379	15.0590357948078	13.5680663200679
CRUK0756	11.437965523666	11.5560356585112	11.3198953888208	13.1172105662114	9.75872048112058	11.437965523666	11.6807632936159	11.1951677537161
CRUK0794	13.3963099489548	16.4942181933269	10.2984017045828	29.7067289028011	-2.91410900489146	13.3963099489548	16.4911722821019	10.3014476158078
CRUK0755	12.3702175972577	12.3702175972577	12.3702175972577	12.3702175972577	12.3702175972577	12.3702175972577	12.3702175972577	12.3702175972577
CRUK0738	11.400306025913	11.7918067459501	11.0865550369072	15.418965651897	7.45939613096029	11.400306025913	12.1772932142699	10.963439928631
CRUK0733	16.9356364114576	17.4820419337632	16.3892308891521	20.8824135969468	12.9888592259684	16.9356364114576	17.6101899575129	16.2610828654024
CRUK0722	14.979861404903	14.979861404903	14.979861404903	14.979861404903	14.979861404903	14.979861404903	14.979861404903	14.979861404903
CRUK0771	10.8699473563717	12.0079386158595	9.91695092487864	19.7588201689966	2.16606937174151	10.8699473563717	11.9480300306131	9.84910580574002
CRUK0764	10.38272496057	11.4200119961382	9.34543792500165	16.6723453441236	4.09310457701627	10.3827249605699	11.1922098751121	9.57324004602782
CRUK0704	11.351520608104	15.8252399146517	5.08605032756716	35.0716595254705	-14.1603692832516	11.351520608104	16.1063969452242	5.34848790715739
CRUK0745	14.455539853826	15.3066456280867	13.6044340795654	19.2471943829437	9.66388532470838	14.455539853826	15.2508868381089	13.6601928695432
CRUK0893	12.6158096844357	12.6158096844357	12.6158096844357	12.6158096844357	12.6158096844357	12.6158096844357	12.6158096844357	12.6158096844357
CRUK0817	13.0234886824584	14.0776806319097	11.741136457886	20.272559788315	5.5462573014807	13.0234886824584	14.0870919596427	12.241020088066
CRUK0810	11.3022852676337	15.7083833947033	7.06487889647347	33.1058103296526	-10.3325480384758	11.3022852676337	14.4906634169282	7.32643326683749
