m1.s.avg	m1.s.max	m1.s.min	m1.s.adj	m1.s.rev	m2.s.avg	m2.s.max	m2.s.min
CRUK0150	15.1395548729483	16.3687484847281	13.6144087354473	23.887771694837	6.09538552533849	15.1395548729483	16.5292674185251	13.6620644803362
CRUK0117	7.66237995026019	8.24760150145404	7.07715839906635	11.1196195945215	4.20514030599891	7.66237995026019	7.96572996429735	7.35902993622304
CRUK0128	11.8033663533139	11.8033663533139	11.8033663533139	11.8033663533139	11.8033663533139	11.8033663533139	11.8033663533139	11.8033663533139
CRUK0134	19.0956007155545	20.307418706115	17.7509319066466	27.5914264772062	10.4669241355554	19.0956007155545	20.0981232417924	18.4294046868103
CRUK0146	15.7166705089729	15.2002321085408	15.8858298821647	21.1024258566712	9.98363613403429	15.7166705089729	16.0753463318903	15.0621384401846
CRUK0196	18.4223775241319	18.8724500939983	17.9723049542656	20.8279669193334	16.0167881289305	18.4223775241319	18.8303385606517	18.0144164876121
CRUK0124	13.1465028928909	13.404216704125	12.8887890816569	15.9106023585016	10.3824034272802	13.1465028928909	13.4340732085303	12.8589325772515
CRUK0199	10.4944280973164	10.4944280973164	10.4944280973164	10.4944280973164	10.4944280973164	10.4944280973164	10.4944280973164	10.4944280973164
CRUK0182	12.0045301748849	11.9595755601244	12.0494847896455	15.3552391328113	8.65382121695853	12.0045301748849	12.1505070901535	11.8585532596163
CRUK0183	14.0904343687278	14.0904343687278	14.0904343687278	14.0904343687278	14.0904343687278	14.0904343687278	14.0904343687278	14.0904343687278
CRUK0129	12.8214591929117	13.2051337660617	12.4113061548378	22.3153754809078	3.30106443999172	12.8214591929117	13.4079980349554	12.3385929183802
CRUK0157	15.3063114575822	17.5555782098933	13.4984895554578	25.1559738248864	5.89809394046466	15.3063114575822	17.2455683338033	14.3142044836723
CRUK0118	15.4140698244463	16.2792231938228	14.5489164550699	18.5426344793185	12.2855051695742	15.4140698244464	16.0399915490937	14.788148099799
CRUK0142	13.5974264694273	14.0597997249523	13.1350532139024	16.8397334487139	10.3551194901408	13.5974264694273	13.6112992689403	13.5835536699144
CRUK0115	15.4048512450062	15.7067456004994	15.102956889513	17.1084753778031	13.7012271122094	15.4048512450062	15.5834695348317	15.2262329551808
CRUK0178	12.0311479036407	14.4349786537056	10.0172819263543	23.1084461322067	1.34381444785316	12.0311479036407	13.1635386808038	10.1620875862099
CRUK0259	13.6205239442291	14.0520568053499	13.1889910831083	17.673878091623	9.56716979683519	13.6205239442291	14.1451217142285	13.0959261742297
CRUK0270	14.3037562679939	15.3104506637237	12.99423335142	23.7607048613268	4.54397915381688	14.3037562679939	15.386461573804	13.1898021819282
CRUK0235	10.3497792565542	12.3663075319126	8.3310139043013	17.5971593963496	3.10016203986422	10.3497792565542	11.4246830805001	8.95491603763472
CRUK0296	16.4150787121975	16.6802243801541	16.149933044241	18.2998347464252	14.5303226779699	16.4150787121975	16.4998415319022	16.3303158924929
CRUK0253	10.4769215109662	12.3605328294755	8.7424374576783	22.7504857952833	-1.64751550812949	10.4769215109662	11.6420029856637	8.67154791743582
CRUK0290	14.5558997288388	16.2908734541832	12.8209260034944	21.8006643361671	7.31113512151053	14.5558997288388	16.2505240108768	12.8612754468007
CRUK0285	8.43303034675755	8.43303034675755	8.43303034675755	8.43303034675755	8.43303034675755	8.43303034675755	8.43303034675755	8.43303034675755
CRUK0272	13.8827264930865	15.4970389223348	13.2223311958893	23.8816746936651	4.83769542455904	13.8827264930865	15.2297533049019	13.4008921254775
CRUK0279	8.92471083352481	8.92471083352481	8.92471083352481	8.92471083352481	8.92471083352481	8.92471083352481	8.92471083352481	8.92471083352481
CRUK0223	16.5942456136841	21.1386094885559	13.1121968562592	37.5460772685867	-3.29527092377161	16.5942456136841	19.5537862268883	15.0271470407647
CRUK0293	17.1512903476813	19.4044880836236	14.8980926117391	26.6968347006866	7.60574599467609	17.1512903476814	19.2130822762572	15.0894984191055
CRUK0232	17.0769725788925	17.4387389329234	16.7152062248617	21.3789056174083	12.7750395403768	17.0769725788925	17.5159755994824	16.6379695583026
CRUK0287	13.0975575127769	13.7032665047918	12.491848520762	15.0748401468642	11.1202748786897	13.0975575127769	13.3723318306582	12.8227831948956
CRUK0271	19.3694370841202	20.4226103723497	18.6853988178078	27.7863546647546	11.3216545254029	19.3694370841202	20.2702020896956	18.2373253350601
CRUK0273	15.5611131019755	17.1706860500414	13.9515401539096	19.9551467746627	11.1670794292883	15.5611131019755	15.8999228070566	15.2223033968944
CRUK0276	16.8618413749791	18.8564541448245	14.5119864599658	24.6831008908937	8.68533971389656	16.8618413749791	17.8137932136902	15.4230912598694
CRUK0242	14.1665700708198	15.0217196132419	13.6612713858423	22.1086645842519	6.57432641483224	14.1665700708198	15.3622030854445	13.3349226533649
CRUK0245	14.990595239143	15.4511453939167	14.5300450843694	17.6885176199889	12.2926728582972	14.990595239143	15.4741277952933	14.5070626829927
CRUK0201	13.658010203195	13.658010203195	13.658010203195	13.658010203195	13.658010203195	13.658010203195	13.658010203195	13.658010203195
CRUK0206	14.7888979454989	16.0065049408193	13.4870810252087	22.3727574577164	7.12082850831158	14.7888979454989	16.3323195068994	13.3789622795955
CRUK0241	16.6217696670417	19.1274101268477	13.447785643049	28.1556725389367	4.41952323096003	16.6217696670417	19.5663221570085	14.4936961676207
CRUK0297	6.0451750307235	6.0451750307235	6.0451750307235	6.0451750307235	6.0451750307235	6.0451750307235	6.0451750307235	6.0451750307235
CRUK0284	12.610184527144	16.0223356396704	9.63698835533978	26.6504305736839	-0.991106578673698	12.610184527144	14.0652251225388	11.4769594955139
CRUK0233	10.6890715620016	11.5352807361395	9.8428623878636	13.8531603667967	7.52498275720645	10.6890715620016	11.1695025302295	10.2086405937736
CRUK0280	13.6386821032145	14.6172152573903	12.477418618726	21.7961112303413	5.29852264577502	13.6386821032145	14.4163481755438	12.7890343581964
CRUK0247	9.90144531946152	10.5867513607315	9.21613927819156	13.1319515989443	6.67093903997877	9.90144531946152	10.6506686725858	9.15222196633725
CRUK0213	10.1364371129782	10.1364371129782	10.1364371129782	10.1364371129782	10.1364371129782	10.1364371129782	10.1364371129782	10.1364371129782
CRUK0286	11.6149233835759	13.2436070888479	9.70709226600209	16.698550001233	6.25214935361695	11.6149233835759	12.172066297315	10.6239953556765
CRUK0256	16.551021139958	16.551021139958	16.551021139958	16.551021139958	16.551021139958	16.551021139958	16.551021139958	16.551021139958
CRUK0274	12.8834193408214	15.316853642705	10.8736397934411	26.5665713115083	-0.376077875362229	12.8834193408214	15.5018365790077	11.3682625126769
CRUK0244	12.6788789596109	12.6788789596109	12.6788789596109	12.6788789596109	12.6788789596109	12.6788789596109	12.6788789596109	12.6788789596109
CRUK0212	12.0000312677962	12.0000312677962	12.0000312677962	12.0000312677962	12.0000312677962	12.0000312677962	12.0000312677962	12.0000312677962
CRUK0299	14.067878760868	15.0526680109113	13.0830895108247	20.8837281626773	7.25202935905862	14.067878760868	14.7936588911611	13.3420986305749
CRUK0240	15.8516581745462	16.6792188901582	15.0240974589341	20.6124631605599	11.0908531885324	15.8516581745462	16.9392905326129	14.7640258164794
CRUK0392	13.6273428713337	16.497421834231	11.0997198880226	27.3601315457227	0.237010176530847	13.6273428713337	15.9565089508909	11.5965228850945
CRUK0381	13.8988980660175	16.0922791608081	11.8593812447567	27.8762376493118	0.0754227562530139	13.8988980660175	15.9331632641799	11.8479167213382
CRUK0372	7.04541793156414	7.04541793156414	7.04541793156414	7.04541793156414	7.04541793156414	7.04541793156414	7.04541793156414	7.04541793156414
CRUK0361	14.5433070986353	19.1878570250588	10.069693787528	35.2073700737774	-5.94981926119058	14.5433070986353	19.220958625772	10.2062410785561
CRUK0380	15.5821755376814	16.6174506599326	14.041785639707	24.3055441169116	6.35369218272798	15.5821755376814	16.9708055287085	14.6615953908722
CRUK0329	13.9878683399551	14.8205384285015	13.1551982514087	20.6417122074049	7.33402447250528	13.9878683399551	14.8861358310585	13.0896008488517
CRUK0315	15.8055017026853	16.0048733269745	15.606130078396	18.4885838603206	13.1224195450499	15.8055017026853	15.9559866094721	15.6550167958984
CRUK0352	16.7458950915986	18.5392327393569	14.9525574438402	28.8088561829218	4.68293400027531	16.7458950915986	18.3505710516794	15.1412191315177
CRUK0310	11.7558161568748	12.3604228616303	11.1512094521193	14.8144342153329	8.69719809841673	11.7558161568748	11.7573387762167	11.754293537533
CRUK0371	14.7227582244566	15.2597272188038	14.1857892301093	16.2818160079187	13.1637004409945	14.7227582244566	14.9084802334608	14.5370362154523
CRUK0331	16.247480692343	18.1130441248263	14.3078335807058	29.4187941138247	3.00208359170733	16.247480692343	17.8102441918395	14.3315666976663
CRUK0344	15.4155991402345	16.6845298238751	14.1466684565939	22.9607993568217	7.87039892364737	15.4155991402345	15.5770942436056	15.2541040368635
CRUK0313	7.54554440902279	7.54554440902279	7.54554440902279	7.54554440902279	7.54554440902279	7.54554440902279	7.54554440902279	7.54554440902279
CRUK0369	16.8086166528603	19.6066104796916	11.2406615381257	41.15332721099	-10.3060551931727	16.8086166528603	20.0180385409821	10.5415324328389
CRUK0312	17.8248910859994	17.9594285981929	17.6903535738059	19.9116087050864	15.7381734669124	17.8248910859994	18.4802621157908	17.169520056208
CRUK0328	17.202287266609	17.202287266609	17.202287266609	17.202287266609	17.202287266609	17.202287266609	17.202287266609	17.202287266609
CRUK0375	6.61855790002247	7.82664517234378	5.41047062770115	16.0173219272342	-2.78020612718926	6.61855790002247	8.02908489952062	5.20803090052431
CRUK0388	11.0636253577619	12.8779656232285	8.34509422869492	23.8462977939498	-2.62323794202642	11.0636253577619	12.9193389386467	10.0307969505563
CRUK0308	13.8297401578265	15.6517584271862	12.0077218884669	20.0382838775153	7.62119643813782	13.8297401578265	15.5501554081129	12.1093249075402
CRUK0370	9.96747052841778	10.6660577611346	9.26888329570095	12.0463082387595	7.88863281807602	9.96747052841778	10.0055126353092	9.92942842152635
CRUK0386	12.8962124086627	12.8962124086627	12.8962124086627	12.8962124086627	12.8962124086627	12.8962124086627	12.8962124086627	12.8962124086627
CRUK0322	13.6433917018656	16.1156055160373	9.98845953461659	30.2606566036703	-4.15659155301645	13.6433917018656	16.1807998955979	9.77249906188513
CRUK0316	13.9629286810288	14.4404870103292	13.4844938163707	18.1630026690793	9.76197815762062	13.9629286810288	14.3668242337549	13.6809841522456
CRUK0301	12.347236353834	12.347236353834	12.347236353834	12.347236353834	12.347236353834	12.347236353834	12.347236353834	12.347236353834
CRUK0333	11.8569763876898	12.7831744810741	10.957880254589	19.4602538288729	4.28080090679016	11.8569763876898	12.6033880339565	11.2798091333059
CRUK0379	13.3654256546903	16.3822458007877	9.97184180805636	33.1131062023013	-6.75901859345723	13.3654256546903	15.4712395539865	9.95767395660185
CRUK0377	13.1194704690862	13.1194704690862	13.1194704690862	13.1194704690862	13.1194704690862	13.1194704690862	13.1194704690862	13.1194704690862
CRUK0394	19.0143527281251	19.9738969312227	18.6556136962359	24.9131055701022	13.7164050573563	19.0143527281251	19.6160717779617	17.9073375994611
CRUK0393	11.9237572226128	13.3320787604403	10.228170646729	21.3153058166019	2.24494359056746	11.9237572226128	12.6826544949101	10.7281242808444
CRUK0368	10.2052712452424	11.3883451455926	9.02219734489216	15.459691146332	4.95085134415266	10.2052712452424	10.7097915604572	9.70075093002747
CRUK0319	7.06156080780616	7.06156080780616	7.06156080780616	7.06156080780616	7.06156080780616	7.06156080780616	7.06156080780616	7.06156080780616
CRUK0318	12.7922454163333	12.7922454163333	12.7922454163333	12.7922454163333	12.7922454163333	12.7922454163333	12.7922454163333	12.7922454163333
CRUK0396	15.4731552972156	17.5111276010348	13.4351829933964	20.6871933880203	10.2591172064109	15.4731552972156	15.7515237644034	15.1947868300278
CRUK0303	9.18796507489853	9.519775425839	8.85615472395805	15.5996516684184	2.77627848137863	9.18796507489853	12.0062232683936	6.36970688140348
CRUK0350	14.4859580356519	14.8038951140687	14.168020957235	16.8765178864441	12.0953981848597	14.4859580356519	14.7440158461299	14.2279002251739
CRUK0334	12.1437856469676	12.1437856469676	12.1437856469676	12.1437856469676	12.1437856469676	12.1437856469676	12.1437856469676	12.1437856469676
CRUK0384	12.8839499273531	13.6007452583252	12.167154596381	16.6759357385611	9.09196411614505	12.8839499273531	13.8599479035741	11.907951951132
CRUK0337	15.1986023602617	15.1986023602617	15.1986023602617	15.1986023602617	15.1986023602617	15.1986023602617	15.1986023602617	15.1986023602617
CRUK0373	12.8774607963756	12.8774607963756	12.8774607963756	12.8774607963756	12.8774607963756	12.8774607963756	12.8774607963756	12.8774607963756
CRUK0359	13.1306734604876	14.0595734399519	12.2017734810233	19.4229420401535	6.83840488082177	13.1306734604876	14.6968098735068	11.5645370474684
CRUK0343	12.022701764151	13.4877193178635	9.24100678834136	24.8641061154136	-2.13538000920871	12.022701764151	13.2997964980185	9.18722879968471
CRUK0321	11.1274845333522	11.8509575191012	10.4040115476032	14.2821697293634	7.97279933734097	11.1274845333522	11.7622458841359	10.4927231825685
CRUK0385	13.0412327976379	13.7251423250933	12.5589926071746	22.463535363603	3.82059956866489	13.0412327976379	13.5965230392996	12.4777238433729
CRUK0311	8.70538223947146	10.8566604176513	6.14956868544695	23.4040505187632	-6.397821415665	8.70538223947146	11.0931625103756	6.7605695079443
CRUK0460	10.7179726038191	12.4861907804036	8.92513246517059	18.0683682472611	3.34295499831309	10.7179726038191	12.2738305984856	9.37583190044786
CRUK0492	10.1018332662651	10.1018332662651	10.1018332662651	10.1018332662651	10.1018332662651	10.1018332662651	10.1018332662651	10.1018332662651
CRUK0487	16.5977078261772	18.3354350748818	12.3825295053367	33.108656742932	-2.39069216271349	16.5977078261772	18.6849815617215	12.3342488061141
CRUK0495	15.5400752083467	17.1812769070825	14.6837603732203	27.6172360926989	4.24780118760399	15.5400752083467	16.2020159210616	15.030991104629
CRUK0408	14.752551558225	14.752551558225	14.752551558225	14.752551558225	14.752551558225	14.752551558225	14.752551558225	14.752551558225
CRUK0497	18.175784295836	19.8424461478103	15.6857342500412	26.44207755203	9.0861028458215	18.175784295836	18.2860827748395	18.1197343169458
CRUK0422	14.8434467043742	15.8149496673136	13.8719437414348	21.7644281078986	7.92246530084978	14.8434467043742	15.8003246389972	13.8865687697512
CRUK0410	13.9242374428521	17.9542708353953	10.6934616121588	30.6258893425569	-1.97815689500287	13.9242374428521	17.2754911804562	10.9743668417875
CRUK0412	14.8311181145223	16.5612653921745	12.6253748610909	22.8287104528896	6.3579298003758	14.8311181145223	16.2188695140698	12.6389799771302
CRUK0420	11.3992221322036	13.7907605609649	9.00768370344231	28.8269649856316	-6.02852072122435	11.3992221322036	13.8759141461193	8.92253011828798
CRUK0488	15.8896469636747	15.8896469636747	15.8896469636747	15.8896469636747	15.8896469636747	15.8896469636747	15.8896469636747	15.8896469636747
CRUK0401	11.5344726719065	12.6633215822735	10.4056237615396	15.7712297141666	7.29771562964647	11.5344726719065	12.507309601784	10.5616357420291
CRUK0448	13.9432261791375	14.9211334704781	12.7174376716399	20.6908538699563	6.9477172721617	13.9432261791375	14.6240829337093	13.5387458341958
CRUK0496	16.8273698551959	17.8132264654818	14.9214704770842	25.3207855737154	7.41391136885065	16.8273698551959	17.9035909285376	14.8134018952002
CRUK0452	11.5338051716416	12.2790534427854	11.0728328795561	19.9704847618764	3.38140156046512	11.5338051716416	11.9782988754116	11.1343165442517
CRUK0472	15.5331806945568	16.2191510152457	14.9519009315732	22.1600819433677	9.01097000345131	15.5331806945568	15.8256420897151	15.0098267039129
CRUK0434	14.005730626608	15.8634958040276	12.1319211271965	21.2232884538483	6.77212847737582	14.005730626608	15.2680766444088	12.7800096647449
CRUK0431	12.0263132431407	12.039667156679	12.0129593296025	14.8488676915316	9.20375879474983	12.0263132431407	12.2305058826389	11.8221206036425
CRUK0451	9.31987857011886	10.5429380172588	8.07438739741543	16.2033810689117	2.41394434576258	9.31987857011886	9.65824834242153	8.82829724534078
CRUK0447	15.1375249738022	15.1375249738022	15.1375249738022	15.1375249738022	15.1375249738022	15.1375249738022	15.1375249738022	15.1375249738022
CRUK0404	13.1554289711429	14.8311762603519	11.4796816819339	20.0540432541288	6.2568146881571	13.1554289711429	14.5649928121709	11.745865130115
CRUK0463	15.9155067230937	16.4436774245086	15.3873360216788	19.8721888783288	11.9588245678586	15.9155067230937	16.066673755289	15.7643396908984
CRUK0419	14.6572911595929	14.6572911595929	14.6572911595929	14.6572911595929	14.6572911595929	14.6572911595929	14.6572911595929	14.6572911595929
CRUK0484	12.7366360931804	14.9126049185786	10.9462437816419	25.4097920039372	0.449056696283277	12.7366360931804	13.964056199158	11.6161464852882
CRUK0450	9.5963005285654	9.97314278193528	9.21945827519551	14.4206929149823	4.77190814214854	9.5963005285654	10.1548146193162	9.0377864378146
CRUK0403	15.8060898118968	17.2464843894476	13.1641850440204	26.1710120787646	4.23965735470343	15.8060898118968	16.983955531463	13.2369224147648
CRUK0467	17.8413463163898	17.8413463163898	17.8413463163898	17.8413463163898	17.8413463163898	17.8413463163898	17.8413463163898	17.8413463163898
CRUK0485	9.36466669298449	10.8173183989932	7.93158625680584	17.4925457786523	1.25635887714669	9.36466669298449	10.6433365428257	8.34670917797955
CRUK0416	12.3411744016204	15.0232069168343	9.76653283483699	22.2340640377215	2.55567571394978	12.3411744016204	13.8327186722229	10.0149184653047
CRUK0462	10.8396674129019	12.5958018699905	9.23921382149098	19.9966085261906	1.83840716529089	10.8396674129019	12.432704177874	9.32274519393783
CRUK0476	15.8827795105086	19.1888318259536	13.9957415698019	27.8936442272613	5.29092916849427	15.8827795105086	16.9630786578072	14.2131739427808
CRUK0418	11.1800058542378	11.1800058542378	11.1800058542378	11.1800058542378	11.1800058542378	11.1800058542378	11.1800058542378	11.1800058542378
CRUK0465	9.86437249619785	9.86437249619785	9.86437249619785	9.86437249619785	9.86437249619785	9.86437249619785	9.86437249619785	9.86437249619785
CRUK0406	15.4774209737552	16.6031428354983	14.5975269635556	22.9482677683425	8.25240203071145	15.4774209737552	16.2680292326425	14.269682202558
CRUK0423	16.7162798309292	18.5819542492294	15.1631329955473	23.954119510441	9.79096773433568	16.7162798309292	17.5462992210368	15.7875480823428
CRUK0478	14.2361885557704	14.8791888092238	13.593188302317	17.4629353860638	11.0094417254771	14.2361885557704	14.4839931000227	13.9883840115181
CRUK0453	14.628270809116	14.628270809116	14.628270809116	14.628270809116	14.628270809116	14.628270809116	14.628270809116	14.628270809116
CRUK0444	13.7940805171434	14.9484964752779	12.639664559009	19.8657418565323	7.72241917775453	13.7940805171434	14.4823646444962	13.1057963897907
CRUK0594	21.0863839870737	21.0863839870737	21.0863839870737	21.0863839870737	21.0863839870737	21.0863839870737	21.0863839870737	21.0863839870737
CRUK0542	13.8812169951595	14.9285653189773	12.8338686713416	21.4512234524812	6.31121053783776	13.8812169951595	14.2664503926204	13.4959835976985
CRUK0573	15.554419376468	16.6991875562601	14.7055324492002	20.6201970834543	10.784522922006	15.554419376468	15.9581166111769	15.330474689572
CRUK0579	15.2989283379369	17.4417878818845	13.4729811684544	24.2921861910747	6.62258285926413	15.2989283379369	17.0196427999011	13.7672323404961
CRUK0514	13.2522754413026	14.3983663555097	12.1061845270955	18.1351750163737	8.36937586623162	13.2522754413026	13.2997783757072	13.2047725068981
CRUK0584	15.7076044566711	16.4520465720928	14.9631623412495	21.4105643881715	10.0046445251708	15.7076044566711	16.0246654094906	15.3905435038517
CRUK0510	14.3200862850204	16.9258855135546	11.6749972525196	28.2456112249809	0.355271541093246	14.3200862850205	15.5782958920106	13.1153436523446
CRUK0525	15.9550721397944	17.1593565332686	14.7507877463201	21.8838038116947	10.0263404678941	15.9550721397944	16.8773845318769	15.0327597477118
CRUK0598	15.4839055756898	15.4839055756898	15.4839055756898	15.4839055756898	15.4839055756898	15.4839055756898	15.4839055756898	15.4839055756898
CRUK0563	9.58109618008018	11.9440199605394	8.05521166558622	21.7587025883757	-1.75947096225007	9.58109618008018	11.518388379477	7.8059903801927
CRUK0566	19.9086114432574	20.5766651565392	19.2405577299756	24.3178342124978	15.499388674017	19.9086114432574	19.9990610578802	19.8181618286346
CRUK0541	16.6371069615393	16.5930541686946	16.6811597543841	19.8155359581689	13.4586779649098	16.6371069615393	16.8175163937918	16.4566975292869
CRUK0597	18.7936255795656	19.1099288275758	18.4773223315555	27.1701185489169	10.4171326102143	18.7936255795656	18.9464907118886	18.6407604472427
CRUK0592	14.6417562463469	15.3713757207434	14.0301965639884	19.4941419367366	9.90743034799523	14.6417562463469	15.6288123036253	13.9221397955958
CRUK0535	14.1293014531698	17.4254938937515	10.0319543632575	32.1032261186088	-4.64577786159979	14.1293014531698	17.5924053465145	9.99600107831406
CRUK0565	12.3459179572811	13.5264268790053	10.71473049664	21.9308413754491	2.31031600019618	12.3459179572811	12.892731297427	11.3561183258665
CRUK0578	11.7330883560085	11.7330883560085	11.7330883560085	11.7330883560085	11.7330883560085	11.7330883560085	11.7330883560085	11.7330883560085
CRUK0590	12.126920712468	14.7124541839944	9.1529626076901	22.7386769493402	1.12673984234438	12.126920712468	14.385326212886	9.20561814842805
CRUK0519	12.8874001964327	14.2595985978682	11.1399940638613	23.6724841323728	1.7271085293567	12.8874001964327	14.3570792726694	11.2160923926063
CRUK0557	13.7234673869184	16.7182316266827	12.6111500206189	30.2718327895923	-0.942451142290654	13.7234673869184	16.9404487322485	11.9673338011253
CRUK0533	11.3175737061888	13.1877295404645	8.68178458893253	20.7634940434452	1.10602008595183	11.3175737061888	12.2223048935231	9.02276882941515
CRUK0527	15.0984149229267	16.4855779832886	14.2436261859157	25.2589850038404	5.4702191653639	15.0984149229267	16.4050898177881	14.0766440767175
CRUK0505	14.967530803416	14.733837698946	15.201223907886	21.1314273316738	8.80363427515824	14.967530803416	15.0351088160675	14.8999527907646
CRUK0581	11.7029553656919	12.1719524048838	11.2339583265001	14.0828749812195	9.32303575016442	11.7029553656919	11.7854845357196	11.6204261956643
CRUK0537	9.9504497376055	13.3525556699979	6.54834380521312	29.6155776474162	-9.71467817220521	9.9504497376055	13.3783025346443	6.5225969405667
CRUK0556	10.0813163164287	10.0813163164287	10.0813163164287	10.0813163164287	10.0813163164287	10.0813163164287	10.0813163164287	10.0813163164287
CRUK0555	13.3867675798006	16.4004654015208	10.3730697580804	24.069568558107	2.70396660149426	13.3867675798006	16.3521709037592	10.421364255842
CRUK0586	15.6943606085595	16.8746558842774	14.5140653328416	22.9828123983222	8.40590881879675	15.6943606085595	15.7251608455888	15.6635603715302
CRUK0530	8.93339346010885	11.4586639734276	6.40812294679006	20.5251104053297	-2.65832348511199	8.93339346010885	11.3771224177399	6.48966450247785
CRUK0582	15.0529105968425	15.0529105968425	15.0529105968425	15.0529105968425	15.0529105968425	15.0529105968425	15.0529105968425	15.0529105968425
CRUK0549	15.2854574665882	18.0309980237576	12.4292532283468	30.0959043197447	0.364346932359705	15.2854574665882	18.0433195705522	13.1742847863339
CRUK0503	13.5220169187661	13.5220169187661	13.5220169187661	13.5220169187661	13.5220169187661	13.5220169187661	13.5220169187661	13.5220169187661
CRUK0550	14.0170596549674	14.1368013567261	13.8973179532088	16.0198438416737	12.0142754682612	14.0170596549674	14.504271805659	13.5298475042758
CRUK0528	7.83281958271722	8.61449877888984	6.97741404875457	16.6491659077243	-1.05725308007984	7.83281958271722	8.35775766302396	7.15463305005187
CRUK0559	10.5351641667989	11.1209821280156	9.94934620558218	13.6138356525629	7.4564926810349	10.5351641667989	11.0188545436098	10.051473789988
CRUK0516	11.3863628228933	13.242482694411	9.4648198395544	24.0904271832675	-1.38312464930206	11.3863628228933	12.8820016553122	10.1939067707566
CRUK0540	14.2510927945499	14.2510927945499	14.2510927945499	14.2510927945499	14.2510927945499	14.2510927945499	14.2510927945499	14.2510927945499
CRUK0570	10.7505147243557	11.9525492491353	9.548480199576	18.2605124574027	3.24051699130859	10.7505147243556	11.9891937819247	9.51183566678663
CRUK0596	10.0484269612451	13.1627652948573	7.10164176109328	24.8097909932544	-4.54538393730374	10.0484269612451	12.0703941249155	7.59901568626018
CRUK0513	12.149721949842	13.9614813597777	10.3837156694083	19.7043189920355	4.64087803715052	12.149721949842	12.9984731943484	11.3021065133277
CRUK0504	12.6648697286005	12.7841766928061	12.5455627643949	15.1235519677809	10.2061874894201	12.6648697286005	13.5477393577135	11.7820000994875
CRUK0569	10.8709257557061	10.8709257557061	10.8709257557061	10.8709257557061	10.8709257557061	10.8709257557061	10.8709257557061	10.8709257557061
CRUK0548	13.7789961149434	14.8452817624454	12.7127104674413	16.8028935927192	10.7550986371675	13.7789961149434	15.0829235355981	12.4750686942886
CRUK0521	8.30828496138232	8.30828496138232	8.30828496138232	8.30828496138232	8.30828496138232	8.30828496138232	8.30828496138232	8.30828496138232
CRUK0512	15.7396239315715	16.3252097232292	15.1540381399137	18.361139574515	13.118108288628	15.7396239315715	16.3434320886096	15.1358157745334
CRUK0589	14.7612000290156	15.5267374925743	13.9956625654569	19.5413058409972	9.98109421703397	14.7612000290156	15.5354020939575	13.9869979640737
CRUK0543	10.4607982695755	11.0108300400284	9.45624509182209	17.974132494689	2.49294263716149	10.4607982695755	11.4957653494151	9.83805840020304
CRUK0520	11.6540359465562	11.9559316747503	11.3521402183622	14.7393304680646	8.56874142504792	11.6540359465562	11.7534424169721	11.5546294761404
CRUK0553	10.0402329146446	10.2918608261953	9.78860500309399	13.6870726329152	6.39339319637402	10.0402329146446	10.1551528671353	9.92531296215397
CRUK0518	8.67146310558141	10.2000917449626	7.14283446620019	13.1266250265567	4.21630118460613	8.67146310558141	9.47366057308835	7.86926563807448
CRUK0524	15.8668690678989	16.4193920574795	15.3143460783182	22.2106442050174	9.52309393078028	15.8668690678989	16.3973528914195	15.3363852443782
CRUK0567	13.4020631664443	15.177353523513	11.7117039417149	21.9153070763808	4.97375038884711	13.4020631664443	14.299854231397	12.0883028179933
CRUK0511	14.1432058820709	14.1432058820709	14.1432058820709	14.1432058820709	14.1432058820709	14.1432058820709	14.1432058820709	14.1432058820709
CRUK0552	14.2207121712732	15.9697018192459	12.5366604302461	20.0398836071297	8.46647864236227	14.2207121712732	14.8488058322225	13.5199849326777
CRUK0684	12.8951757089428	13.586565800728	12.2037856171576	15.4006083744402	10.3897430434453	12.8951757089428	13.3404126572798	12.4499387606058
CRUK0610	8.77895382775939	10.2276412190554	7.49481466841783	17.184755456552	0.537700430921151	8.77895382775939	10.5260853255965	7.23733180342331
CRUK0692	12.4320832278905	12.8138265177579	12.0503399380231	14.9121282721572	9.95203818362374	12.4320832278905	12.6440460123665	12.2201204434144
CRUK0681	18.9139305720008	20.6021577421456	17.8102395738934	28.0506325197301	10.3617647963089	18.9139305720008	20.220152488768	18.465035804958
CRUK0620	15.9519270525838	19.4289271403436	12.4164016391049	36.0497789165338	-4.20445013708519	15.9519270525838	18.2641750725732	12.9583482171483
CRUK0667	13.8389897771172	14.6692473571726	13.1607922463487	22.2200008929077	5.61003871061356	13.8389897771172	14.3908925547702	13.3018970935103
CRUK0686	13.3709449952808	14.097463754603	12.6444262359587	16.9578966813946	9.78399330916704	13.3709449952808	13.7701048987417	12.97178509182
CRUK0666	15.9589511765214	17.3771969256876	14.3270501023755	23.9249463375997	7.77930069046339	15.9589511765214	16.8628237369726	14.9446009700406
CRUK0625	15.1295662352316	15.549874317355	14.7092581531083	17.8134710466143	12.445661423849	15.1295662352316	15.2918243234638	14.9673081469994
CRUK0696	13.7585931286964	15.3440360590646	11.7558035165464	20.6539990355404	6.44584054007054	13.7585931286964	13.8427222507637	13.6883748923787
CRUK0691	10.1080699484303	10.1080699484303	10.1080699484303	10.1080699484303	10.1080699484303	10.1080699484303	10.1080699484303	10.1080699484303
CRUK0638	18.0914703981893	18.0914703981893	18.0914703981893	18.0914703981893	18.0914703981893	18.0914703981893	18.0914703981893	18.0914703981893
CRUK0674	12.7119045937257	15.4697915593987	8.65245967890508	29.3632927485021	-5.24104151019835	12.7119045937256	14.8962941585913	8.27833602480354
CRUK0693	17.137528684321	18.7632518438002	15.3459141410303	25.3213044352296	8.78786154960094	17.137528684321	18.1140583825668	15.9926401309109
CRUK0628	9.61063613058868	9.61063613058868	9.61063613058868	9.61063613058868	9.61063613058868	9.61063613058868	9.61063613058868	9.61063613058868
CRUK0682	15.8128425351626	16.6158288057401	15.165322478214	20.419094327288	11.3620569566661	15.8128425351626	16.1851981267395	15.3390769275319
CRUK0609	15.4607985226967	16.3115753738347	14.6100216715587	19.8640841172205	11.0575129281729	15.4607985226967	17.1145865566989	13.8070104886945
CRUK0606	13.649215501972	14.6778010960704	12.2377484510526	23.3535005548983	3.56204899222469	13.649215501972	14.7550638653296	12.9530575631366
CRUK0678	13.2349863855429	13.9201749398885	12.5497978311972	16.1106700761194	10.3593026949663	13.2349863855429	13.736844104659	12.7331286664267
CRUK0640	12.0136676620386	16.0612499666133	9.04853450608698	27.5501257344896	-2.44034126178923	12.0136676620386	15.5481688546762	9.42704184415905
CRUK0644	9.16221788819252	9.95531741252368	7.57601446873594	17.9813766085286	-0.450044727268948	9.16221788819252	9.91622851219977	7.87055500693276
CRUK0650	11.6374410773767	13.0053037459243	10.269578408829	17.5663805278229	5.70850162693039	11.6374410773767	12.0495099617045	11.2253721930488
CRUK0607	13.7931535959409	14.5350141841129	12.6670730170459	20.3823157717508	6.81977142940795	13.7931535959409	14.5238065482199	12.5593413880528
CRUK0680	13.9769582748078	15.6284048350459	12.235758905077	24.3183757572278	3.54578798289502	13.9769582748078	15.1349898270204	12.7920676650255
CRUK0617	16.2372248000821	17.0953753229425	15.3092762197399	21.1761320259316	11.2285195167509	16.2372248000821	16.3815485264314	16.0198713424173
CRUK0616	13.2096613420798	13.6690294782198	12.7502932059398	19.6860470031227	6.73327568103688	13.2096613420798	13.8589844130185	12.5603382711411
CRUK0649	15.2923096519693	15.7673704599973	14.8172488439412	17.4007763158719	13.1838429880666	15.2923096519693	15.5244428319388	15.0601764719997
CRUK0634	13.4966732061331	13.4966732061331	13.4966732061331	13.4966732061331	13.4966732061331	13.4966732061331	13.4966732061331	13.4966732061331
CRUK0679	13.9620280599133	14.6857180308913	13.2383380889352	17.1605069135267	10.7635492062998	13.9620280599133	14.4284306252797	13.4956254945469
CRUK0698	11.929644736236	13.4342557918453	10.390273479933	22.495385255705	1.32914401607338	11.929644736236	13.4352969868178	10.777126258371
CRUK0709	13.355157028844	13.9105830793522	12.7997309783357	16.7532157800048	9.95709827768311	13.355157028844	14.304619191191	12.405694866497
CRUK0768	17.8777013034094	18.8215353676523	16.9338672391665	21.1429650737379	14.612437533081	17.8777013034094	17.9622931578316	17.7931094489872
CRUK0784	12.8392125178444	14.6045636707482	11.9843802891278	27.0792271864873	-0.490283226611204	12.8392125178444	14.3404834797634	11.122482080115
CRUK0742	14.0062736348462	14.2428338166924	13.7697134530001	16.444092660116	11.5684546095765	14.0062736348462	14.2144438267902	13.7981034429022
CRUK0781	12.2195506172209	14.4889441088817	9.95015712556007	22.5705175789976	1.86858365544415	12.2195506172209	14.7752339482648	9.66386728617697
CRUK0731	17.0274148859215	17.6878675522238	16.3669622196192	20.9197136485841	13.1351161232589	17.0274148859215	17.2903918374699	16.7644379343731
CRUK0710	12.5444366040401	12.7696202637993	12.3192529442809	16.5584635232691	8.53040968481116	12.5444366040401	12.7919540674566	12.2969191406237
CRUK0721	12.1499724150054	14.1531837436266	10.1467610863843	22.4873126917176	1.81263213829333	12.1499724150055	13.210455946883	11.0894888831279
CRUK0775	15.1054603812698	15.1122130144528	15.0987077480869	17.2205619651933	12.9903587973463	15.1054603812698	15.2204294560435	14.9904913064961
CRUK0799	8.99901533178859	10.5252812314829	7.47274943209427	17.7644688378831	0.233561825694066	8.99901533178858	10.0331739653361	7.96485669824107
CRUK0730	11.5674092062506	11.5674092062506	11.5674092062506	11.5674092062506	11.5674092062506	11.5674092062506	11.5674092062506	11.5674092062506
CRUK0706	13.97376175262	15.2565792855456	12.2392889263775	22.9106988575696	4.58516935435352	13.97376175262	15.273439230781	12.8046164376722
CRUK0787	13.7285266184663	14.5895236678823	12.8675295690502	16.6525540121269	10.8044992248057	13.7285266184663	13.7330013081417	13.7240519287909
CRUK0748	16.9178909548099	18.5691815976902	14.2475633661676	28.1286682858922	4.68807667796553	16.9178909548099	18.3856447942792	14.883293276621
CRUK0707	14.6889405341178	14.8716779128982	14.5062031553375	18.1223071883846	11.2555738798511	14.6889405341178	15.3434863216371	14.0343947465986
CRUK0749	16.2350292957233	17.2053034057852	14.9404315645378	21.8224449906791	10.3232899796438	16.2350292957233	16.7608469594539	15.9058951687129
CRUK0735	12.7142283250991	12.7142283250991	12.7142283250991	12.7142283250991	12.7142283250991	12.7142283250991	12.7142283250991	12.7142283250991
CRUK0761	13.4040149967337	14.6564912544465	12.1515387390209	19.8181644077525	6.98986558571486	13.4040149967337	14.5073794442323	12.3006505492351
CRUK0717	10.4406237267388	11.336926582306	8.90578554444439	19.0009193346785	1.24179279207182	10.4406237267388	11.531635149951	9.31885013029371
CRUK0736	14.6656559527555	14.6656559527555	14.6656559527555	14.6656559527555	14.6656559527555	14.6656559527555	14.6656559527555	14.6656559527555
CRUK0737	10.3203480780246	12.4868509015405	8.15384525450868	22.9892368709075	-2.34854071485832	10.3203480780246	12.5735899610377	8.06710619501149
CRUK0702	15.2936447003113	17.4012389099933	12.5581355293961	25.2766762622032	4.6826981771862	15.2936447003113	17.9076581073778	12.1956153814964
CRUK0766	14.3135510574379	14.9438681716091	13.6832339432666	18.6740580920859	9.95304402278978	14.3135510574379	15.0590357948078	13.5680663200679
CRUK0734	15.6764091647046	16.4727087130691	14.8801096163401	26.9850211814285	4.36779714798069	15.6764091647046	16.8010951109026	14.5517232185066
CRUK0772	15.8471374409278	15.8471374409278	15.8471374409278	15.8471374409278	15.8471374409278	15.8471374409278	15.8471374409278	15.8471374409278
CRUK0769	15.3306667994221	16.1226037343649	14.5387298644792	19.2674992062589	11.3938343925853	15.3306667994221	15.9110800696191	14.7502535292251
CRUK0756	11.437965523666	11.5560356585112	11.3198953888208	13.1172105662114	9.75872048112058	11.437965523666	11.6807632936159	11.1951677537161
CRUK0794	13.3963099489548	16.4942181933269	10.2984017045828	29.7067289028011	-2.91410900489146	13.3963099489548	16.4911722821019	10.3014476158078
CRUK0755	12.3702175972577	12.3702175972577	12.3702175972577	12.3702175972577	12.3702175972577	12.3702175972577	12.3702175972577	12.3702175972577
CRUK0729	15.1172853466207	15.8201817981023	13.7638999745967	20.2170416910688	9.36704008163019	15.1172853466207	15.9802199563365	13.8923958642314
CRUK0714	15.0627790426435	16.6235543723909	13.7153105429583	23.0685291156995	7.27033579964974	15.0627790426435	16.3460493944623	14.0048277707579
CRUK0738	11.400306025913	11.7918067459501	11.0865550369072	15.418965651897	7.45939613096029	11.400306025913	12.1772932142699	10.963439928631
CRUK0733	16.9356364114576	17.4820419337632	16.3892308891521	20.8824135969468	12.9888592259684	16.9356364114576	17.6101899575129	16.2610828654024
CRUK0722	14.979861404903	14.979861404903	14.979861404903	14.979861404903	14.979861404903	14.979861404903	14.979861404903	14.979861404903
CRUK0771	10.8699473563717	12.0079386158595	9.91695092487864	19.7588201689966	2.16606937174151	10.8699473563717	11.9480300306131	9.84910580574002
CRUK0719	12.0724911564382	12.0724911564382	12.0724911564382	12.0724911564382	12.0724911564382	12.0724911564382	12.0724911564382	12.0724911564382
CRUK0718	18.1669156313525	18.9363553642978	17.3974758984072	21.3978356205583	14.9359956421467	18.1669156313525	18.324612930813	18.0092183318919
CRUK0764	10.38272496057	11.4200119961382	9.34543792500165	16.6723453441236	4.09310457701627	10.3827249605699	11.1922098751121	9.57324004602782
CRUK0704	11.351520608104	15.8252399146517	5.08605032756716	35.0716595254705	-14.1603692832516	11.351520608104	16.1063969452242	5.34848790715739
CRUK0745	14.455539853826	15.3066456280867	13.6044340795654	19.2471943829437	9.66388532470838	14.455539853826	15.2508868381089	13.6601928695432
CRUK0861	15.184237440439	15.479488153522	14.8889867273559	18.1856523583661	12.1828225225119	15.184237440439	15.4000498599436	14.9684250209344
CRUK0893	12.6158096844357	12.6158096844357	12.6158096844357	12.6158096844357	12.6158096844357	12.6158096844357	12.6158096844357	12.6158096844357
CRUK0872	8.07249128242086	8.68861067865569	7.45637188618603	11.4878368437159	4.65714572112579	8.07249128242086	8.59166089210368	7.55332167273805
CRUK0817	13.0234886824584	14.0776806319097	11.741136457886	20.272559788315	5.5462573014807	13.0234886824584	14.0870919596427	12.241020088066
CRUK0810	11.3022852676337	15.7083833947033	7.06487889647347	33.1058103296526	-10.3325480384758	11.3022852676337	14.4906634169282	7.32643326683749
