m1.s.avg	m1.s.max	m1.s.min	m1.s.adj	m1.s.rev	m2.s.avg	m2.s.max	m2.s.min
CRUK0034	8.90436569536297	9.2872341539131	8.52149723681284	10.2177980013606	7.59093338936535	8.90436569536297	8.91118587131964	8.8975455194063
CRUK0045	3.14118503917705	3.83176715027257	2.45060292808153	5.68712987854308	0.595240199811014	3.14118503917705	3.83175153850532	2.45061853984878
CRUK0005	8.34916213996355	9.4518957116542	7.34700232826854	11.0385609379332	5.76033710198954	8.34916213996355	8.92635505522828	7.26095924072616
CRUK0028	7.55526861752996	7.84512744378372	7.2654097912762	8.44124749806002	6.66928973699991	7.55526861752996	7.84663553398049	7.26390170107943
CRUK0117	4.07944098898806	4.56508683591974	3.59379514205637	5.20860238780495	2.95027959017117	4.07944098898806	4.30503091387914	3.85385106409697
CRUK0024	9.28363260491215	10.3620487097951	7.68436992898614	12.3655824028347	5.68083623594657	9.28363260491215	10.0363760719475	8.28636851362601
CRUK0128	6.99714667069908	6.99714667069908	6.99714667069908	6.99714667069908	6.99714667069908	6.99714667069908	6.99714667069908	6.99714667069908
CRUK0051	6.81573007115748	7.67582814745184	5.31931346683955	9.46655283041503	3.52858878387636	6.81573007115749	7.63690084826124	5.41238196775142
CRUK0042	9.99920753150186	10.3858877307291	9.61252733227462	11.0458108277775	8.95260423522626	9.99920753150186	10.4858544776562	9.5125605853475
CRUK0004	9.82803433951189	11.6491074008551	8.0153201107877	14.0847589292831	5.57966858235962	9.82803433951189	10.971560626791	8.08681058019822
CRUK0057	9.47343196398867	10.3426183627171	8.6042455652602	11.5686253113606	7.37823861661673	9.47343196398867	10.294457370713	8.65240655726429
CRUK0003	8.08046793470641	9.06088358696089	6.77509947905302	10.9056002376124	4.93038282840153	8.08046793470641	8.9970471555651	7.29758318552896
CRUK0026	7.81666692491366	8.12368050127667	7.50965334855066	8.67702830309793	6.9563055467294	7.81666692491366	7.8533522949137	7.77998155491363
CRUK0039	10.7213202021178	11.2568973164531	10.1857430877826	12.1753284641562	9.26731194007951	10.7213202021178	11.0475862695365	10.3950541346992
CRUK0016	7.61415503801369	7.71760794904553	7.51070212698185	8.59960919672973	6.62870087929766	7.61415503801369	7.76189947193066	7.46641060409673
CRUK0018	9.85118606315629	10.8716457493789	8.76700023600972	13.4460567730558	6.19258921233274	9.85118606315629	10.4798449292974	9.27101639035474
CRUK0053	9.2466489471502	10.6419881559422	7.85130973835815	12.5170669550182	5.97623093928215	9.24664894715019	10.5446817389057	7.94861615539474
CRUK0017	9.04855831444766	9.96081925117689	7.96139944961044	12.0073212181142	5.91489748267315	9.04855831444766	9.4674307040719	8.61333222393815
CRUK0021	9.99917674522862	10.4168211223184	9.58153236813884	11.2186883668977	8.77966512355955	9.99917674522862	10.3019456586945	9.69640783176278
CRUK0060	9.2867194134964	9.70341948857024	8.87001933842256	10.6398245569829	7.93361427000992	9.2867194134964	9.4225203603575	9.1509184666353
CRUK0032	7.28518204781667	8.41995517204907	6.23488251067893	10.1149980844093	4.53983959831867	7.28518204781667	8.22612399881794	6.47729867562636
CRUK0055	7.6705213733253	9.83760286705144	4.64435469111165	13.9549124097464	0.527045148416742	7.6705213733253	9.88629042631995	4.64435469111165
CRUK0020	9.70055977298581	10.1700968765336	9.23102266943801	11.1480085057717	8.25311104019994	9.70055977298581	9.9777632892381	9.42335625673352
CRUK0027	9.89172297177071	10.6263000853669	9.15714585817455	11.5081360703759	8.27530987316547	9.89172297177071	10.3177478610786	9.46569808246277
CRUK0124	8.75984846472631	9.18686140580984	8.33283552364279	9.74249511740302	7.77720181204961	8.75984846472631	9.17977000953173	8.3399269199209
CRUK0008	9.68604592169779	10.274475213773	9.09761662962257	11.5084454346374	7.86364640875819	9.68604592169779	10.2789612995951	9.0931305438005
CRUK0199	7.39363362801938	7.39363362801938	7.39363362801938	7.39363362801938	7.39363362801938	7.39363362801938	7.39363362801938	7.39363362801938
CRUK0182	7.2592441671971	7.72332617239215	6.79516216200204	8.46560253098922	6.05288580340497	7.2592441671971	7.71887029589258	6.79961803850162
CRUK0029	10.7857679232659	11.6884215929866	9.52102421594294	14.3798105264502	6.82963528247934	10.7857679232659	11.5227635770186	9.94852562257293
CRUK0061	10.2060001465021	10.2060001465021	10.2060001465021	10.2060001465021	10.2060001465021	10.2060001465021	10.2060001465021	10.2060001465021
CRUK0023	8.84300363095689	9.64509584996777	8.04091141194601	10.8025068224707	6.88350043944311	8.84300363095689	9.4306238722352	8.25538338967857
CRUK0035	9.24959056379074	9.48487976296344	8.99494420264105	10.1363166796255	8.34350728597901	9.24959056379074	9.30165365804461	9.15633546529082
CRUK0044	8.10604067474481	8.83054212840657	7.38153922108305	9.88611468815387	6.32596666133574	8.10604067474481	8.87579161344184	7.33628973604778
CRUK0050	9.60800161897805	10.6743749903868	8.75566017043027	12.1404544166212	7.28958074419585	9.60800161897805	10.473642999314	9.2105705798714
CRUK0030	9.38787747733127	11.0299298886908	7.67614916184523	12.7594054793972	5.9466735711389	9.38787747733127	10.8066446651494	8.02506821341572
CRUK0157	8.50502851560659	10.0725313682281	7.31074851857959	11.5707051133253	5.81257477348235	8.50502851560659	9.98697901196677	7.40579531830329
CRUK0052	10.2051443752924	10.9970686607998	9.39013798105988	13.3225410375138	7.0646656043459	10.2051443752924	11.0259197625591	9.67188660962809
CRUK0010	8.71627337892072	8.71627337892072	8.71627337892072	8.71627337892072	8.71627337892072	8.71627337892072	8.71627337892072	8.71627337892072
CRUK0046	10.221909784863	10.8377104279737	9.18902311964349	12.0474156226765	7.97931792494065	10.221909784863	10.5490415941522	9.37876434874376
CRUK0142	8.89090705797479	9.32253803502304	8.45927608092655	10.4431380624303	7.33867605351934	8.89090705797479	9.48432157378268	8.29749254216691
CRUK0115	10.2907990753771	10.5234045910091	10.0581935597452	10.8419247722435	9.73967337851079	10.2907990753771	10.3188731111253	10.262725039629
CRUK0041	9.59576980191096	11.073880464393	7.86748665897553	13.3337839874758	5.60758313589274	9.59576980191096	10.9138432953571	7.86997270795326
CRUK0036	9.94820818089615	11.1513138590408	8.60650424401369	12.5318766752303	7.22594142782413	9.94820818089615	10.9110545838492	9.452196821218
CRUK0012	8.44082258398581	8.44082258398581	8.44082258398581	8.44082258398581	8.44082258398581	8.44082258398581	8.44082258398581	8.44082258398581
CRUK0001	7.48907319683488	8.20513691210582	6.77300948156394	9.3106475644118	5.66749882925797	7.48907319683488	8.29649230498317	6.68165408868659
CRUK0047	9.03859220053768	9.20550688066081	8.87167752041455	9.64927845451218	8.42790594656319	9.03859220053768	9.11042390759395	8.96676049348141
CRUK0033	9.24035914332607	9.4939074451369	8.98681084151524	9.74392117264617	8.73679711400597	9.24035914332607	9.37364381782818	9.10707446882396
CRUK0009	9.23023033666819	10.4918956074875	7.96856506584891	11.904299430091	6.55616124324535	9.23023033666819	10.1742258163396	8.2862348569968
CRUK0178	10.9206621427873	12.6687821260193	8.74648694133733	14.5664682408678	6.84880082648883	10.9206621427873	12.1951951210765	10.0436036696967
CRUK0049	7.93470742162336	7.93470742162336	7.93470742162336	7.93470742162336	7.93470742162336	7.93470742162336	7.93470742162336	7.93470742162336
CRUK0025	10.118386233755	10.5106178588478	9.7261546086622	11.1785526350963	9.05821983241375	10.118386233755	10.1719345875899	10.0648378799201
CRUK0006	6.76945754631581	7.04665495051257	6.49226014211905	7.99606295959152	5.5428521330401	6.76945754631581	6.77802178160126	6.76089331103035
CRUK0259	9.90805089405376	10.431390404337	9.38471138377052	11.9743522182985	7.84174956980907	9.90805089405377	10.0803594092385	9.73574237886899
CRUK0270	8.87460749097	10.4024886499815	7.58819076624652	12.404072610594	5.58660680563411	8.87460749097	9.65247749246309	8.17021526164438
CRUK0048	8.66318240522793	9.00179313105072	8.32457167940515	9.4532501221199	7.87311468833597	8.66318240522793	8.81271124708025	8.51365356337562
CRUK0296	10.6458642218866	10.8704165125646	10.4213119312087	11.2385627335474	10.0531657102259	10.6458642218866	10.769673706439	10.5220547373342
CRUK0253	7.16080881013409	8.70065621859355	5.65315060191939	11.3478047589532	3.0060020615597	7.16080881013409	8.02590281530855	5.86498447715339
CRUK0019	9.57642836299792	9.57642836299792	9.57642836299792	9.57642836299792	9.57642836299792	9.57642836299792	9.57642836299792	9.57642836299792
CRUK0285	4.09596610380126	4.09596610380126	4.09596610380126	4.09596610380126	4.09596610380126	4.09596610380126	4.09596610380126	4.09596610380126
CRUK0272	9.43954746893646	11.341339942469	7.74213280743373	13.7518802128743	5.33159253702846	9.43954746893646	10.8011616154079	8.42418373195849
CRUK0011	6.400656621541	7.45219164147309	5.07730588207262	8.87360586468987	3.65589165885584	6.400656621541	7.13744964429268	5.52964244701747
CRUK0037	7.29551542717423	9.19136430247324	5.48653207974872	12.2872560976836	2.39064028453841	7.29551542717423	9.01038740705803	5.56296904043656
CRUK0014	8.56108247677704	8.56108247677704	8.56108247677704	8.56108247677704	8.56108247677704	8.56108247677704	8.56108247677704	8.56108247677704
CRUK0279	5.83804710515578	5.83804710515578	5.83804710515578	5.83804710515578	5.83804710515578	5.83804710515578	5.83804710515578	5.83804710515578
CRUK0223	10.7020536505922	13.7055974752031	7.34454981433927	18.4027065358694	2.647440753673	10.7020536505922	13.5299754459473	9.00390713184038
CRUK0287	10.4935765129757	10.6704785263444	10.3166744996069	11.1641661148473	9.82298691110408	10.4935765129757	10.5225963391814	10.4645566867699
CRUK0276	10.8734362849941	12.4240461481774	9.64027267693041	13.9332214961171	8.13109732899069	10.8734362849941	11.653266441376	10.2475271660689
CRUK0242	9.71593444619651	10.4846997835949	8.80910263272665	12.5641719006814	6.72963051564011	9.71593444619651	10.3949072068276	9.10857056261508
CRUK0022	7.53670005248736	8.1055083591792	6.96789174579552	8.60521257882183	6.46818752615289	7.53670005248736	7.92447249015226	7.14892761482246
CRUK0206	9.45468478089204	10.8780225739483	8.43362233143297	12.8529368066602	6.45870809872106	9.45468478089204	10.0310991639426	8.73459747903873
CRUK0297	4.56343365233969	4.56343365233969	4.56343365233969	4.56343365233969	4.56343365233969	4.56343365233969	4.56343365233969	4.56343365233969
CRUK0284	7.81179221883874	9.58674098732453	6.02176376339278	12.2947241740771	3.31378057664022	7.81179221883874	9.28332665555861	6.58392901172777
CRUK0233	8.10318391919217	8.69037192304701	7.51599591533734	9.34037572651215	6.8659921118722	8.10318391919217	8.48942411608358	7.71694372230077
CRUK0280	9.78047026823761	10.8387496936264	8.34956465623248	12.7288917803831	6.45942256947585	9.78047026823761	10.5706074085732	8.99120122641528
CRUK0247	6.90277332793788	7.2276051169357	6.57794153894006	7.96262488604387	5.84292176983189	6.90277332793788	7.08259979989088	6.72294685598488
CRUK0274	8.25838950510896	10.7736823583574	6.36850016859442	12.8904477595141	4.25173476743772	8.25838950510896	10.4432768046425	6.91641279002203
CRUK0212	8.99802272764042	8.99802272764042	8.99802272764042	8.99802272764042	8.99802272764042	8.99802272764042	8.99802272764042	8.99802272764042
CRUK0299	10.4813726248531	11.1528879173511	9.809857332355	13.7861837978145	7.17656145189159	10.4813726248531	10.5098820434151	10.452863206291
CRUK0372	3.01375258073918	3.01375258073918	3.01375258073918	3.01375258073918	3.01375258073918	3.01375258073918	3.01375258073918	3.01375258073918
CRUK0361	9.45476172585341	12.6492713107734	6.76464027757618	16.6962457204436	2.71766586790602	9.45476172585341	12.6334130280087	6.76323608537669
CRUK0380	9.56742860008537	10.6288159358785	8.71042257299484	12.8728889923863	6.46634951648708	9.56742860008537	10.2367847618883	8.95347835860534
CRUK0352	11.5792443794158	13.6963741247749	9.46211463405667	15.4376170677984	7.7208716910331	11.5792443794158	13.3439486188005	9.81454014003103
CRUK0371	9.73184848843222	10.0307801430152	9.43291683384928	10.3807252150077	9.0829717618567	9.73184848843222	9.89940197570577	9.56429500115867
CRUK0344	10.1426597535239	11.2686289057594	9.01669060128848	12.844143175943	7.4411763311048	10.1426597535239	11.2464716255025	9.03884788154531
CRUK0313	3.76522302237417	3.76522302237417	3.76522302237417	3.76522302237417	3.76522302237417	3.76522302237417	3.76522302237417	3.76522302237417
CRUK0369	8.83363469689829	11.7682515288983	4.99204709394892	16.5691152713155	0.191183351531686	8.8336346968983	11.268427242967	5.02487563189234
CRUK0375	5.15397168381082	6.69790508062905	3.61003828699259	8.60714626601889	1.70079710160275	5.15397168381082	6.69754104023348	3.61040232738817
CRUK0388	7.69616490700481	9.79712757632732	5.8398606510742	12.6630044348517	2.97398379254978	7.69616490700481	9.84199952608477	6.16142134981205
CRUK0370	6.71465318560937	7.04926375545579	6.38004261576295	7.51548691888195	5.91381945233679	6.71465318560937	6.71874179822174	6.71056457299701
CRUK0386	7.53243383314113	7.53243383314113	7.53243383314113	7.53243383314113	7.53243383314113	7.53243383314113	7.53243383314113	7.53243383314113
CRUK0322	8.61284960974188	10.5912683703555	6.12709602869951	13.8794585807484	2.83890581830659	8.61284960974188	10.4790029392588	6.20998006944829
CRUK0316	8.92953985149996	9.3300732476766	8.53033140086949	10.3097170634318	7.55068758511427	8.92953985149996	9.24099274922453	8.66069932568285
CRUK0301	8.15660624529203	8.15660624529203	8.15660624529203	8.15660624529203	8.15660624529203	8.15660624529203	8.15660624529203	8.15660624529203
CRUK0333	7.5961235855637	9.21217588911411	6.59762080085916	10.8659223832513	4.94387430672203	7.5961235855637	8.9030641743135	6.75967836097574
CRUK0379	8.99417454635857	11.9980677217686	6.23563494554567	15.9555698442041	2.27813282311017	8.99417454635857	11.2756212107712	6.22471190590293
CRUK0377	6.70622147615738	6.70622147615738	6.70622147615738	6.70622147615738	6.70622147615738	6.70622147615738	6.70622147615738	6.70622147615738
CRUK0394	12.5182732497645	13.1344013362338	11.9316449759187	14.32800555537	10.7380407567824	12.5182732497645	13.2322834732894	12.1231671238351
CRUK0368	6.63240948661593	7.31305773228961	5.95176124094226	7.99247505146163	5.27234392177024	6.63240948661593	7.07701529709189	6.18780367613997
CRUK0319	4.81729801775222	4.81729801775222	4.81729801775222	4.81729801775222	4.81729801775222	4.81729801775222	4.81729801775222	4.81729801775222
CRUK0350	9.3028010810272	9.70757460115486	8.89802756089955	10.3741801134955	8.23142204855886	9.30280108102721	9.5581585841235	9.04744357793091
CRUK0337	8.91717919876396	8.91717919876396	8.91717919876396	8.91717919876396	8.91717919876396	8.91717919876396	8.91717919876396	8.91717919876396
CRUK0359	7.73813234016666	8.66948882511526	6.80677585521807	9.79915023899686	5.67711444133647	7.73813234016666	8.67139483832426	6.80486984200907
CRUK0343	7.90137727797108	9.34490771959895	6.11588145498785	11.8285990666062	3.63219010798064	7.90137727797108	9.16890940116558	6.11663641263298
CRUK0385	11.4171632262391	12.6360243697864	10.0205479383125	14.8201310931157	7.83644121498315	11.4171632262391	12.1115119216775	10.3659734454082
CRUK0460	6.52359929614977	7.04449625376285	5.87850419849462	9.04066601197801	3.88233444027947	6.52359929614977	6.987094646977	6.02371115895721
CRUK0492	6.43473637286417	6.43473637286417	6.43473637286417	6.43473637286417	6.43473637286417	6.43473637286417	6.43473637286417	6.43473637286417
CRUK0487	10.5684917463039	12.2448550218116	7.97524341066475	15.5660140459735	4.65408438650278	10.5684917463039	12.526373927018	7.89666533410475
CRUK0408	10.3083997672982	10.3083997672982	10.3083997672982	10.3083997672982	10.3083997672982	10.3083997672982	10.3083997672982	10.3083997672982
CRUK0497	11.9716096509811	13.6928307689609	10.5357478843544	16.1059620486926	8.12261660462272	11.9716096509811	12.438958175602	11.1164496786109
CRUK0410	9.56067793508627	12.1300468293697	6.94916298003881	15.4473081555489	3.63190165385956	9.56067793508627	11.3916634396797	7.14265747913622
CRUK0412	10.1251574564579	11.0753122023104	8.92686232005968	12.8240324862227	7.17814203614741	10.1251574564579	10.8037973120665	8.96807381394266
CRUK0401	5.17837149781879	5.76616016344569	4.5905828321919	6.53163039925074	3.82511259638685	5.17837149781879	5.63832649332856	4.71841650230902
CRUK0496	11.5635860822842	12.7232475556195	10.268275267229	14.9240205569745	8.06750226587391	11.5635860822842	12.7353006251641	10.2662926892297
CRUK0431	7.26882832639628	7.65072081744243	6.88693583535012	8.21059966976185	6.3270569830307	7.26882832639628	7.47314713573648	7.06450951705607
CRUK0447	10.4128689677347	10.4128689677347	10.4128689677347	10.4128689677347	10.4128689677347	10.4128689677347	10.4128689677347	10.4128689677347
CRUK0404	7.13009597722543	7.74779919970813	6.51239275474274	9.73983365965927	4.5203582947916	7.13009597722543	7.69084326524776	6.5693486892031
CRUK0450	5.91574638322035	6.65031535064797	5.18117741579273	7.62423213365741	4.2072606327833	5.91574638322035	6.67352604480239	5.15796672163832
CRUK0416	7.09873076764225	8.36717471362709	6.06969222148752	10.5273074653039	3.90955946981074	7.09873076764225	7.83677125925215	6.51090238541425
CRUK0462	4.58239087728517	5.44473470314277	3.53298455210552	7.21617219161995	1.76154706362835	4.58239087728517	5.25421376089461	3.55101856701726
CRUK0418	8.26380462215703	8.26380462215703	8.26380462215703	8.26380462215703	8.26380462215703	8.26380462215703	8.26380462215703	8.26380462215703
CRUK0406	8.98817231048145	9.81586557378407	7.87977493868903	11.6355477302349	6.06009278223826	8.98817231048145	9.42462056486287	8.31445037871168
CRUK0453	7.30716284371429	7.30716284371429	7.30716284371429	7.30716284371429	7.30716284371429	7.30716284371429	7.30716284371429	7.30716284371429
CRUK0542	7.49102180173637	8.30969213580868	6.67235146766407	10.2920038171415	4.69003978633128	7.49102180173637	8.11229770908244	6.86974589439031
CRUK0573	9.07388670084714	9.91086551654333	8.24892185173399	10.7411620803459	7.41862528793137	9.07388670084714	9.21128804940735	8.94375331374637
CRUK0525	9.21689026308051	9.82369029058227	8.61009023557875	10.6490768748557	7.78470365130536	9.21689026308051	9.40924777020197	9.02453275595905
CRUK0541	9.57038854749766	9.7750734362908	9.36570365870452	10.5565688391355	8.58420825585984	9.57038854749766	9.76710580785737	9.37367128713795
CRUK0592	7.72939735140361	8.44641372546831	6.97387596380391	9.65532329465094	5.76496639462129	7.72939735140362	7.80730187420607	7.65596038661272
CRUK0578	7.40741324925241	7.40741324925241	7.40741324925241	7.40741324925241	7.40741324925241	7.40741324925241	7.40741324925241	7.40741324925241
CRUK0519	8.51397256115481	10.1649187215129	7.44229019784508	13.0715648253322	4.53564409402575	8.51397256115481	9.75031209510323	7.39852807035608
CRUK0533	7.75404031585552	9.74743346304736	6.20369091982304	11.6033520660875	4.3477723167829	7.75404031585552	8.320366749384	6.85036970935986
CRUK0581	6.86191308225423	7.0055622816342	6.71826388287427	7.85779868156663	5.86602748294184	6.86191308225423	7.22581174302555	6.49801442148292
CRUK0537	5.4843034902445	8.22819904301747	2.74040793747152	11.5610150789399	-0.592408098450884	5.4843034902445	8.22819904301747	2.74040793747152
CRUK0555	7.63126372383577	9.59529662113952	5.66723082653201	11.8428962404223	3.4196312072492	7.63126372383577	9.54990962468776	5.71261782298378
CRUK0586	9.83499084347187	11.1376367591195	8.53234492782422	13.1846741505356	6.48530753640815	9.83499084347188	10.4857302762075	9.18425141073625
CRUK0530	4.08075240212467	5.38723905308084	2.77426575116849	6.89096089158642	1.27054391266292	4.08075240212467	5.32856833847364	2.8329364657757
CRUK0559	6.52136514747227	6.84791058872999	6.19481970621455	7.54153176129881	5.50119853364573	6.52136514747227	6.80443510542197	6.23829518952257
CRUK0570	7.14960177675688	8.2563797535085	6.04282380000525	9.78664031697395	4.51256323653981	7.14960177675688	8.18125759089332	6.11794596262044
CRUK0513	8.43068683363007	9.45961428708822	7.54604712180566	10.7252643914089	6.28039701748496	8.43068683363007	9.08775931528989	8.04610531810474
CRUK0504	6.62156345903334	6.95942899575961	6.28369792230708	7.48736662103094	5.75576029703575	6.62156345903335	6.67636862945125	6.56675828861544
CRUK0569	6.04027597480211	6.04027597480211	6.04027597480211	6.04027597480211	6.04027597480211	6.04027597480211	6.04027597480211	6.04027597480211
CRUK0548	8.78779419162993	9.06028975137255	8.51529863188732	9.66718533948773	7.90840304377214	8.78779419162993	8.99614698537848	8.57944139788139
CRUK0521	4.42162725983756	4.42162725983756	4.42162725983756	4.42162725983756	4.42162725983756	4.42162725983756	4.42162725983756	4.42162725983756
CRUK0512	7.43038148635361	7.80422434603725	7.05653862666996	8.59909887866914	6.26166409403808	7.43038148635361	7.89846974116476	6.96229323154246
CRUK0543	6.0400771156749	7.39207594153478	4.73794662635455	8.97227694000053	3.1577456278888	6.0400771156749	6.753157370528	5.44610775450108
CRUK0520	7.21988249172547	7.63461801146127	6.80514697198967	8.29355817032524	6.1462068131257	7.21988249172547	7.35639216087428	7.08337282257666
CRUK0567	6.47500723205701	7.79128953339081	5.54674375242549	9.94130895204974	3.39672433376656	6.47500723205701	6.59883614220635	6.41211664264782
CRUK0511	8.11220888170239	8.11220888170239	8.11220888170239	8.11220888170239	8.11220888170239	8.11220888170239	8.11220888170239	8.11220888170239
CRUK0552	9.33888877280502	10.0805675310841	8.74650598731822	11.5498835163579	7.27719000204438	9.33888877280502	9.77199079863499	9.02412929100847
CRUK0684	7.21289688769784	7.36384045504483	7.06195332035085	8.03202560328157	6.39376817211411	7.21289688769784	7.33445323092074	7.09134054447493
CRUK0610	4.11018297389354	5.28622199162199	2.97025945310296	6.87470330225753	1.38177814246741	4.11018297389354	5.26037061347433	2.99579670200284
CRUK0620	9.99021043511067	12.4358416060546	6.39443857664737	16.1387172765806	2.69156290612139	9.99021043511067	11.4670932297872	6.6049536447008
CRUK0667	8.21956701196865	9.7066671013329	6.95767948813666	11.4623201633884	5.20202642608111	8.21956701196865	9.25464255960136	7.68565711412161
CRUK0666	9.17081471692323	9.88546067203304	8.36958441093663	11.5986929410739	6.65635214189572	9.17081471692323	9.64296763316171	8.55147525635671
CRUK0625	8.13623353574242	8.35800596293194	7.9144611085529	9.23605586178	7.03641120970484	8.13623353574242	8.32987967089927	7.94258740058557
CRUK0696	8.57049272648282	9.41352194377084	7.5142683328064	10.9978875016505	5.92990277492669	8.57049272648282	8.95359639245886	8.13299328157188
CRUK0693	10.1598270924768	10.6159300340563	9.44119498132315	12.3057950503266	7.75132996505283	10.1598270924768	10.7441103427293	9.60365648367493
CRUK0628	7.73510305086438	7.73510305086438	7.73510305086438	7.73510305086438	7.73510305086438	7.73510305086438	7.73510305086438	7.73510305086438
CRUK0678	7.75751458385357	8.06109287681046	7.45393629089669	8.64138702622912	6.87364214147803	7.75751458385357	7.97723591855309	7.53779324915405
CRUK0650	8.16462101959277	9.1644213009017	7.16482073828384	10.3268879850145	6.00235405417107	8.16462101959277	9.01299528646637	7.31624675271917
CRUK0607	8.8641902490835	9.52223020569524	7.91304380875564	10.9791964710258	6.45607754342509	8.86419024908349	9.25845445217517	8.20294828358252
CRUK0680	9.01444485341578	10.7601668283027	7.30454377362121	12.6422462121362	5.42246438978774	9.01444485341577	10.1264575721251	8.39922242436748
CRUK0634	7.66706129457198	7.66706129457198	7.66706129457198	7.66706129457198	7.66706129457198	7.66706129457198	7.66706129457198	7.66706129457198
CRUK0709	9.17266467181135	9.66220494602057	8.68312439760213	10.4929801940153	7.85234914960736	9.17266467181135	9.56581774918249	8.77951159444021
CRUK0742	8.67355974220363	9.1559002268831	8.19121925752417	10.0486741704176	7.2984453139897	8.67355974220363	8.97807306807882	8.36904641632844
CRUK0721	8.47414626066092	9.54631802122574	7.4019745000961	12.3624792557315	4.58581326559035	8.47414626066092	9.22544858347992	7.72284393784192
CRUK0775	8.231648349347	8.22019017854	8.243106520154	9.02227818026894	7.44101851842505	8.231648349347	8.39097056157371	8.07232613712029
CRUK0799	5.12462269463271	6.22215876089548	4.02708662836993	8.04813039044401	2.20111499882141	5.12462269463271	6.17547305166589	4.07377233759953
CRUK0730	10.6087921081236	10.6087921081236	10.6087921081236	10.6087921081236	10.6087921081236	10.6087921081236	10.6087921081236	10.6087921081236
CRUK0787	9.13645472196677	9.60037895460619	8.67253048932736	10.2926726319772	7.9802368119563	9.13645472196677	9.4694240227504	8.80348542118315
CRUK0748	10.565334169638	11.8587992365744	8.78382334620158	14.5291363741374	6.11348620863858	10.565334169638	11.0643228023664	9.3547445653382
CRUK0707	9.57420827447416	10.2381598047787	8.91025674416967	10.6792410480019	8.46917550094646	9.57420827447417	9.84671129392398	9.30170525502435
CRUK0761	10.3549610263983	11.1515866977673	9.55833535502936	13.1326366898488	7.57728536294783	10.3549610263983	11.156991990565	9.55293006223169
CRUK0736	8.25845509308767	8.25845509308767	8.25845509308767	8.25845509308767	8.25845509308767	8.25845509308767	8.25845509308767	8.25845509308767
CRUK0766	8.62149236600368	8.86232165367627	8.38066307833108	9.56273630549576	7.68024842651158	8.62149236600367	8.81536217938874	8.4276225526186
CRUK0756	6.19714944943377	6.41037207589801	5.98392682296954	6.61429572098043	5.78000317788711	6.19714944943377	6.22336838734198	6.17093051152557
CRUK0794	7.7415504693674	10.7933180902311	4.68978284850372	13.1081544012826	2.37494653745223	7.7415504693674	10.7863889990201	4.69671193971468
CRUK0755	8.39427274676301	8.39427274676301	8.39427274676301	8.39427274676301	8.39427274676301	8.39427274676301	8.39427274676301	8.39427274676301
CRUK0738	6.78805574206306	7.23014595804279	6.20811713604961	7.90370097774442	5.53456211634798	6.78805574206306	7.12305290158253	6.29055379769606
CRUK0733	8.15322242300761	8.5151634103284	7.79128143568681	9.26630398682949	7.04014085918571	8.15322242300761	8.4180895768345	7.88835526918071
CRUK0722	8.13482744799669	8.13482744799669	8.13482744799669	8.13482744799669	8.13482744799669	8.13482744799669	8.13482744799669	8.13482744799669
CRUK0771	9.57503343116242	10.6521368092371	8.4619256394534	12.2053527331651	6.90870971552541	9.57503343116242	10.6587052786876	8.61205578624687
CRUK0764	6.36325821048686	7.2760178537859	5.45049856718783	8.32698578921374	4.39953063175999	6.36325821048686	7.02615876762915	5.70035765334458
CRUK0704	7.41795786277226	10.68737625416	3.48290105946317	14.3191946280739	-0.148917314450671	7.41795786277226	9.27592646084334	3.56230324219774
CRUK0745	9.58162476613701	10.3034917118457	8.8597578204283	11.7740033471061	7.38924618516795	9.58162476613701	9.6033644508612	9.55988508141281
CRUK0893	8.73066418168753	8.73066418168753	8.73066418168753	8.73066418168753	8.73066418168753	8.73066418168753	8.73066418168753	8.73066418168753
CRUK0817	7.96514005482498	9.40870879413384	7.07224561753141	10.7956529602265	5.68530145143875	7.96514005482498	8.71220777918386	7.21098500102219
CRUK0810	5.56655986694837	8.52844702477803	3.08135196510515	13.1313872630302	-1.52158827314701	5.56655986694837	7.89648348984896	3.23569087934552
