m1.s.avg	m1.s.max	m1.s.min	m1.s.adj	m1.s.rev	m2.s.avg	m2.s.max	m2.s.min
CRUK0002	3.55183220170909	3.55183220170909	3.55183220170909	3.55183220170909	3.55183220170909	3.55183220170909	3.55183220170909	3.55183220170909
CRUK0004	3.09705576238267	3.33687378625017	2.77002665947829	3.53124958460527	2.57565086112319	3.09705576238267	3.2200195509249	2.95653946292954
CRUK0005	3.00558644786259	3.17106293064998	2.86276899861968	3.36513840885817	2.66869352041149	3.00558644786259	3.13387114289233	2.78906007001913
CRUK0009	4.15655399575179	4.15655399575179	4.15655399575179	4.15655399575179	4.15655399575179	4.15655399575179	4.15655399575179	4.15655399575179
CRUK0010	3.04763209753173	3.04763209753173	3.04763209753173	3.04763209753173	3.04763209753173	3.04763209753173	3.04763209753173	3.04763209753173
CRUK0012	2.57173076812021	2.57173076812021	2.57173076812021	2.57173076812021	2.57173076812021	2.57173076812021	2.57173076812021	2.57173076812021
CRUK0013	2.90668013861397	3.64012182538899	2.36610589899004	3.74239741963437	2.26383030474465	2.90668013861397	3.49299860311637	2.60315036855637
CRUK0014	3.69010109884281	3.69010109884281	3.69010109884281	3.69010109884281	3.69010109884281	3.69010109884281	3.69010109884281	3.69010109884281
CRUK0017	3.61931089078878	3.99184685399295	3.36251252873774	4.16513846935369	3.18922091337699	3.61931089078878	3.74863569464083	3.36079647685246
CRUK0018	3.40072269496413	3.86963193696255	2.92917894062025	4.05735223145949	2.74145864612331	3.40072269496413	3.61451573201093	3.01317430349633
CRUK0019	2.71047202429094	2.71047202429094	2.71047202429094	2.71047202429094	2.71047202429094	2.71047202429094	2.71047202429094	2.71047202429094
CRUK0020	3.03285821089971	3.18991781689409	2.87579860490533	3.2707721919486	2.79494422985082	3.03285821089971	3.17941609885148	2.88630032294795
CRUK0021	4.69414789478921	4.91128047119395	4.47701531838447	4.92641372551252	4.4618820640659	4.69414789478921	4.90818945756766	4.48010633201075
CRUK0023	3.91118399637545	4.09268856675132	3.72967942599957	4.14835204157645	3.67401595117445	3.91118399637545	4.06652027168763	3.75584772106326
CRUK0024	3.63232435196388	4.10647323296277	3.26900891311724	4.2542623105259	3.1212198355541	3.63232435196388	4.09104151294795	3.27800249397881
CRUK0025	3.46171244854111	3.54780080705453	3.37562409002769	3.64753713705258	3.27588776002964	3.46171244854111	3.49874224997531	3.42468264710691
CRUK0026	2.93817080421137	2.93817080421137	2.93817080421137	2.93817080421137	2.93817080421137	2.93817080421137	2.93817080421137	2.93817080421137
CRUK0027	3.01305317342293	3.2111418527769	2.81496449406895	3.2474442598428	2.77866208700306	3.01305317342293	3.09242760065416	2.9336787461917
CRUK0028	2.7131650802005	2.7131650802005	2.7131650802005	2.7131650802005	2.7131650802005	2.7131650802005	2.7131650802005	2.7131650802005
CRUK0029	4.56047821976535	5.00426666506303	4.04920099310554	5.09219101164136	3.96127664652721	4.56047821976535	4.91583452196175	4.09109541130719
CRUK0030	3.8679681600743	4.06009059488216	3.67584572526643	4.1027671837916	3.633169136357	3.8679681600743	4.0643156094366	3.67162071071199
CRUK0031	3.35736993226521	3.35736993226521	3.35736993226521	3.35736993226521	3.35736993226521	3.35736993226521	3.35736993226521	3.35736993226521
CRUK0032	2.22621379348105	2.22621379348105	2.22621379348105	2.22621379348105	2.22621379348105	2.22621379348105	2.22621379348105	2.22621379348105
CRUK0033	2.51297314486877	2.56113586582784	2.46481042390971	2.56604217772268	2.45990411201486	2.51297314486877	2.55796229336893	2.46798399636861
CRUK0035	2.81028364836584	3.02805657226392	2.55894737023349	3.16214399275897	2.42485994973844	2.81028364836584	2.89786375019545	2.69257615382834
CRUK0036	3.83535521399246	4.26394622750122	3.45997248355794	4.38534136743507	3.3385773436241	3.83535521399246	4.15014242828596	3.62527219374436
CRUK0037	2.94078179971362	3.49140199322172	2.45059539131971	3.57397956747877	2.36801781706266	2.94078179971362	3.21963098923405	2.63675131819735
CRUK0039	4.01484249682623	4.26037721318032	3.75223447760137	4.33770107937976	3.67491061140193	4.01484249682623	4.08529001139386	3.96615954393301
CRUK0041	3.94859663365223	4.2806794573033	3.52763547748369	4.41040042109361	3.39791451369338	3.94859663365223	4.14906653757483	3.59621838190521
CRUK0042	3.68472975792727	3.68472975792727	3.68472975792727	3.68472975792727	3.68472975792727	3.68472975792727	3.68472975792727	3.68472975792727
CRUK0044	3.2565092072164	3.2565092072164	3.2565092072164	3.2565092072164	3.2565092072164	3.2565092072164	3.2565092072164	3.2565092072164
CRUK0046	2.62840315218708	2.8447232550951	2.41700409586888	2.87298478226865	2.38874256869533	2.62840315218707	2.6752186720958	2.53848319717329
CRUK0047	3.51777023762158	3.64991327663803	3.38562719860512	3.68967971714222	3.34586075810093	3.51777023762158	3.54110049906499	3.49443997617816
CRUK0048	2.9233603353676	2.9233603353676	2.9233603353676	2.9233603353676	2.9233603353676	2.9233603353676	2.9233603353676	2.9233603353676
CRUK0050	3.4115922378046	3.84259172376162	3.02429808864357	3.97503467650733	2.89185513589787	3.4115922378046	3.68431442828303	3.11745195682443
CRUK0052	3.78194003008128	4.10386135310113	3.41776965346711	4.23488655334546	3.28674445322279	3.78194003008128	4.09855999942934	3.5882519108424
CRUK0053	3.495570692662	3.495570692662	3.495570692662	3.495570692662	3.495570692662	3.495570692662	3.495570692662	3.495570692662
CRUK0055	3.12177909520616	3.12177909520616	3.12177909520616	3.12177909520616	3.12177909520616	3.12177909520616	3.12177909520616	3.12177909520616
CRUK0057	3.21079703654265	3.35576195244188	3.06583212064342	3.50436559935519	2.91722847373011	3.21079703654265	3.32176943737288	3.09982463571242
CRUK0060	3.15482317995953	3.15482317995953	3.15482317995953	3.15482317995953	3.15482317995953	3.15482317995953	3.15482317995953	3.15482317995953
CRUK0061	2.70095105767014	3.00673035678165	2.39517175855862	3.08945815857003	2.31244395677024	2.70095105767014	2.73068838399883	2.67121373134144
CRUK0095	3.91556323129622	4.04943926697889	3.78168719561355	4.07925144533031	3.75187501726213	3.91556323129622	3.92228892207068	3.90883754052176
CRUK0096	4.14562401886899	4.51446845190455	3.61704009808872	4.62071146052163	3.51079708947164	4.14562401886899	4.30040130853632	3.98503230666339
CRUK0099	3.06435591577746	3.23339027841029	2.89532155314463	3.25968039593494	2.86903143561999	3.06435591577746	3.1495319226715	2.97917990888343
CRUK0094	3.79197970310697	4.16809904219453	3.53312966793199	4.29238953487197	3.40883917525455	3.79197970310697	3.99710776749776	3.5814536278982
CRUK0098	3.35466941633878	3.84842551916444	2.89893554708156	4.03766034749285	2.70970071875314	3.35466941633878	3.48318491157539	3.2785303257471
CRUK0097	3.00929728867293	3.00929728867293	3.00929728867293	3.00929728867293	3.00929728867293	3.00929728867293	3.00929728867293	3.00929728867293
CRUK0100	3.68446780544294	3.95896304610048	3.41026628010061	4.07476161231669	3.2944677138844	3.68446780544294	3.81968782202373	3.53703081184207
CRUK0062	3.97571644340793	4.38865508545778	3.51055892331276	4.56997848321762	3.32923552555292	3.97571644340793	4.14249170927229	3.76637039389884
CRUK0065	4.21203425136374	4.58378314641894	3.79758472988009	4.77024421076515	3.61112366553387	4.21203425136374	4.58565664983098	3.81514552223639
CRUK0067	4.04644038113451	4.22922700724141	3.86365375502762	4.4775124296505	3.61536833261852	4.04644038113451	4.23873201233964	3.85414874992939
CRUK0069	3.11632269546942	3.91776749973578	1.61886096273435	4.27176816551881	1.26486029695133	3.11632269546942	3.75973724082007	1.61886096273435
CRUK0070	4.12955581497138	4.5478740949894	3.79893528127984	4.83027290286357	3.51653647340567	4.12955581497138	4.40470938338659	3.94029670638855
CRUK0075	4.12257130064845	4.12257130064845	4.12257130064845	4.12257130064845	4.12257130064845	4.12257130064845	4.12257130064845	4.12257130064845
CRUK0076	3.61750373937922	3.71512877482537	3.51987870393307	3.79334417951299	3.44166329924545	3.61750373937922	3.70648047379763	3.52852700496081
CRUK0077	3.96468623031012	4.26229400125072	3.72946459284642	4.36836842351641	3.62339017058073	3.96468623031012	4.15144859982927	3.82665107178502
CRUK0078	3.86776699423868	3.99432066267566	3.74121332580171	4.11858508534452	3.61694890313285	3.86776699423868	3.96887084803822	3.76666314043915
CRUK0079	3.7064120005545	3.81917660759567	3.61555865064625	3.97186911491868	3.46286614332324	3.7064120005545	3.7724881504275	3.62509973965323
CRUK0081	3.96280038852675	3.96280038852675	3.96280038852675	3.96280038852675	3.96280038852675	3.96280038852675	3.96280038852675	3.96280038852675
CRUK0082	3.90831650611544	4.26507567769705	3.55155733453384	4.29315924530036	3.52347376693052	3.90831650611544	4.12234524718097	3.69428776504991
CRUK0083	3.3074645484594	3.61517102634565	3.08076107490245	3.75064491527301	2.94528718597509	3.3074645484594	3.42118486356028	3.03025318395941
CRUK0084	4.17046911971343	4.20897637405242	4.11265759213876	4.29596942004891	4.02566454614227	4.17046911971343	4.22654988822378	4.09592370333299
CRUK0086	3.57294369321338	3.97439068799797	3.22136881884489	4.07976782038512	3.11599168645774	3.57294369321338	4.04785170368884	3.19456246817941
CRUK0090	3.80570388873649	3.93189550669484	3.67951227077813	3.99890991358573	3.61249786388724	3.80570388873649	3.90918801458989	3.70221976288309
