m1.s.avg	m1.s.max	m1.s.min	m1.s.adj	m1.s.rev	m2.s.avg	m2.s.max	m2.s.min
CRUK0002	1.65291301163793	1.65291301163793	1.65291301163793	1.65291301163793	1.65291301163793	1.65291301163793	1.65291301163793	1.65291301163793
CRUK0004	0.960460570871903	0.869271896830537	1.02875043115188	1.39123787232124	0.506784455661182	0.960460570871903	1.03221142615404	0.843555058320566
CRUK0005	0.780654240134926	0.837657037186659	0.809703409055732	1.29057311049562	0.356787335746773	0.780654240134926	1.06304330856071	0.614532655633653
CRUK0009	1.39770476592182	1.39770476592182	1.39770476592182	1.39770476592182	1.39770476592182	1.39770476592182	1.39770476592182	1.39770476592182
CRUK0010	1.36418205203026	1.36418205203026	1.36418205203026	1.36418205203026	1.36418205203026	1.36418205203026	1.36418205203026	1.36418205203026
CRUK0012	1.01658767992693	1.01658767992693	1.01658767992693	1.01658767992693	1.01658767992693	1.01658767992693	1.01658767992693	1.01658767992693
CRUK0013	0.653920662646707	0.825061928406849	0.560308159652052	1.22604380114051	0.159326286918388	0.653920662646707	0.90952962769452	0.43819863801189
CRUK0014	1.05298515221722	1.05298515221722	1.05298515221722	1.05298515221722	1.05298515221722	1.05298515221722	1.05298515221722	1.05298515221722
CRUK0017	1.3968165428293	1.34510762970945	1.39561373647356	1.68476670132557	1.05595466485744	1.3968165428293	1.41344768434997	1.3779500569429
CRUK0018	1.08107604169016	1.29235571263051	0.79839987704429	1.90350160189284	0.187253987781956	1.08107604169016	1.30614628340144	0.610777704137409
CRUK0019	1.050125490001	1.050125490001	1.050125490001	1.050125490001	1.050125490001	1.050125490001	1.050125490001	1.050125490001
CRUK0020	1.50912775811898	1.46217724147476	1.55607827476319	1.69842692527404	1.31982859096391	1.50912775811898	1.53869812888038	1.47955738735757
CRUK0021	1.62923068180318	1.68184070112484	1.57662066248151	1.90063645995151	1.35782490365484	1.62923068180318	1.69746024570875	1.56100111789761
CRUK0023	1.07117717747946	1.04996671002253	1.09238764493639	1.37759608583978	0.764758269119134	1.07117717747946	1.25704323018221	0.885311124776712
CRUK0024	0.778220024302781	0.730243432661268	0.727291585923145	1.15159848270522	0.305936535879191	0.778220024302782	1.00495834388299	0.627579751881251
CRUK0025	1.19183294448329	1.24525857054998	1.1384073184166	1.38639578621582	0.99727010275076	1.19183294448329	1.25532348574637	1.1283424032202
CRUK0026	0.639568046452219	0.639568046452219	0.639568046452219	0.639568046452219	0.639568046452219	0.639568046452219	0.639568046452219	0.639568046452219
CRUK0027	0.990432584938681	0.997446517834073	0.983418652043289	1.23911999855154	0.741745171325818	0.990432584938681	0.99700687594851	0.983858293928852
CRUK0028	0.983368329200051	0.983368329200051	0.983368329200051	0.983368329200051	0.983368329200051	0.983368329200051	0.983368329200051	0.983368329200051
CRUK0029	1.86214479500204	1.88691029163591	1.83274912692858	2.25058638298564	1.46907303557885	1.86214479500204	2.00122262619708	1.67282027700582
CRUK0030	1.27846400232148	1.40138007177378	1.15554793286917	1.5437811188191	1.01314688582385	1.27846400232148	1.39161091546231	1.16531708918065
CRUK0031	1.61098685865288	1.61098685865288	1.61098685865288	1.61098685865288	1.61098685865288	1.61098685865288	1.61098685865288	1.61098685865288
CRUK0032	0.294241705420964	0.294241705420964	0.294241705420964	0.294241705420964	0.294241705420964	0.294241705420964	0.294241705420964	0.294241705420964
CRUK0033	1.21737247139892	1.26674405494909	1.16800088784874	1.34353549761648	1.09120944518135	1.21737247139891	1.22380020319053	1.2109447396073
CRUK0035	1.47788656893252	1.43536242614174	1.61208145576267	1.92742334369701	1.1200205382074	1.47788656893252	1.66889738892516	1.34410908187782
CRUK0036	1.9395652264202	1.9823932581409	1.94285966327018	2.43298078553942	1.49227213587166	1.9395652264202	2.09756219053328	1.82724861193701
CRUK0037	1.33707018355828	1.56037932263252	1.22394245480415	1.94725567411486	0.837066103321815	1.33707018355828	1.59820127369153	1.16739437972399
CRUK0039	1.27730791580606	1.41700766974063	1.06871563484788	1.60472586266632	0.880997441922189	1.27730791580606	1.39598134473948	1.04796637972971
CRUK0041	1.23641776874162	1.3770339108175	1.19051425679873	1.65450782236638	0.913040345249847	1.23641776874162	1.41132226266448	1.16964716805679
CRUK0042	1.15042128061233	1.15042128061233	1.15042128061233	1.15042128061233	1.15042128061233	1.15042128061233	1.15042128061233	1.15042128061233
CRUK0044	1.32356045213824	1.32356045213824	1.32356045213824	1.32356045213824	1.32356045213824	1.32356045213824	1.32356045213824	1.32356045213824
CRUK0046	1.10981371117155	1.13763384954149	1.06744688891907	1.43884264625439	0.766238092206159	1.10981371117155	1.20092607301588	1.0319828151641
CRUK0047	1.04642802583087	1.12521461564908	0.967641436012669	1.21034646185703	0.882509589804711	1.04642802583087	1.14773615387738	0.945119897784365
CRUK0048	0.887295089197564	0.887295089197564	0.887295089197564	0.887295089197564	0.887295089197564	0.887295089197564	0.887295089197564	0.887295089197564
CRUK0050	1.15909590635612	1.31333117644402	1.01472398701772	1.62480183652745	0.703253326934281	1.15909590635612	1.29649245401538	0.908907799583739
CRUK0052	1.86183225522454	1.82250117769537	1.91389567804179	2.28461777106584	1.45177908467131	1.86183225522454	1.9590538613486	1.77705785330238
CRUK0053	0.998395429797281	0.998395429797281	0.998395429797281	0.998395429797281	0.998395429797281	0.998395429797281	0.998395429797281	0.998395429797281
CRUK0055	1.21765761495166	1.21765761495166	1.21765761495166	1.21765761495166	1.21765761495166	1.21765761495166	1.21765761495166	1.21765761495166
CRUK0057	1.03821729007735	1.09717687630259	0.979257703852101	1.22194979566109	0.854484784493596	1.03821729007735	1.1701214980279	0.906313082126795
CRUK0060	1.51040540463155	1.51040540463155	1.51040540463155	1.51040540463155	1.51040540463155	1.51040540463155	1.51040540463155	1.51040540463155
CRUK0061	1.24171161881916	1.12664622240649	1.35677701523182	1.88243360414703	0.600989633491278	1.24171161881916	1.30016201693367	1.18326122070464
CRUK0095	1.94826329283953	1.92427623023913	1.97225035543992	2.22320341000778	1.67332317567127	1.94826329283953	2.17803352311708	1.71849306256198
CRUK0096	2.24769915469559	2.28735356154067	2.04090204462501	2.83389008697134	1.49436551919434	2.24769915469559	2.4239127861958	1.70625765342954
CRUK0099	1.10402652526422	1.10951411806973	1.09853893245872	1.27893082914182	0.929122221386624	1.10402652526422	1.15345324259812	1.05459980793032
CRUK0094	2.25105352668121	2.25371026959833	2.2568889753104	2.52292399797217	1.98767524693657	2.25105352668121	2.3402718746806	2.19106110652185
CRUK0098	1.84832124569728	1.8478693644284	1.74267361657915	2.27078642732614	1.3197565536814	1.84832124569727	2.09290369246932	1.3666788414141
CRUK0097	1.64037727134856	1.64037727134856	1.64037727134856	1.64037727134856	1.64037727134856	1.64037727134856	1.64037727134856	1.64037727134856
CRUK0100	1.20701455349468	1.38119897047877	1.09342523854814	1.62322816876193	0.851396040264986	1.20701455349468	1.35962459679983	1.08642725983884
CRUK0062	2.49262055023763	2.82370053257782	2.41860445626656	3.47886006988211	1.76344491896228	2.49262055023763	2.83865728103284	2.23991277880007
CRUK0065	2.08533630690454	2.07656080533096	2.11982732421331	2.6015934177895	1.59479471175477	2.08533630690454	2.39614992009273	1.83964003676518
CRUK0067	2.15482380528077	1.96565060937246	2.34399700118908	2.77634380138833	1.53330380917321	2.15482380528077	2.3697296878778	1.93991792268373
CRUK0069	1.61942030390992	1.93276065216399	0.856398478854851	2.68876774206132	0.100391388957523	1.61942030390992	2.02896528430088	0.846818189270162
CRUK0070	1.98733297076867	1.91604352117723	1.87526909369865	2.49023908356126	1.30107353131462	1.98733297076867	2.06078460858791	1.74175467236284
CRUK0075	2.0738596907239	2.0738596907239	2.0738596907239	2.0738596907239	2.0738596907239	2.0738596907239	2.0738596907239	2.0738596907239
CRUK0076	1.87837355600331	1.84484327313905	1.91190383886758	1.97893523353058	1.77781187847604	1.87837355600331	1.8974201655694	1.85932694643722
CRUK0077	1.86402727233308	1.9753181180648	1.84462601932499	2.40306347426461	1.41688066312518	1.86402727233308	2.22567587323001	1.68723952545381
CRUK0078	1.97391890536603	1.90377376253778	2.04406404819427	2.2576598982387	1.69017791249335	1.97391890536603	2.14035501457422	1.80748279615784
CRUK0079	1.88882909809662	1.94090260463159	1.88619942631109	2.28416100725329	1.54294102368939	1.88882909809662	2.14389031580181	1.78101930840274
CRUK0081	2.56189802506494	2.56189802506494	2.56189802506494	2.56189802506494	2.56189802506494	2.56189802506494	2.56189802506494	2.56189802506494
CRUK0082	2.08829061041439	2.14290352086603	2.03367769996274	2.31044491191176	1.86613630891702	2.08829061041439	2.18087593202512	1.99570528880365
CRUK0083	1.57742264843048	1.64303269668998	1.66727164214708	2.08132367525942	1.22898066357763	1.57742264843048	1.63267810164088	1.47057049976717
CRUK0084	2.30421861965316	2.29282592895548	2.29618178181427	2.45866336036211	2.13034435040764	2.30421861965316	2.39686600876015	2.19179846234403
CRUK0086	1.91770356256512	2.14392017259593	1.81458683649126	2.38666781929073	1.57183918979645	1.91770356256512	2.27395982978186	1.63586858553925
CRUK0090	2.20795810708317	2.29945310586793	2.1164631082984	2.36554183437902	2.05037437978732	2.20795810708317	2.3143952999931	2.10152091417324
