m1.s.avg	m1.s.max	m1.s.min	m1.s.adj	m1.s.rev	m2.s.avg	m2.s.max	m2.s.min
CRUK0002	11.5161196738867	11.5161196738867	11.5161196738867	11.5161196738867	11.5161196738867	11.5161196738867	11.5161196738867	11.5161196738867
CRUK0004	11.798387028472	13.0565011829908	10.9050382587253	14.4118121085589	9.54972733315729	11.798387028472	12.1440111217969	11.3220321280087
CRUK0005	11.0971918210113	12.0394698935745	10.2001526734088	13.8011236110612	8.43849895592206	11.0971918210113	12.0044361644408	10.1420362891808
CRUK0009	12.5941318367585	12.5941318367585	12.5941318367585	12.5941318367585	12.5941318367585	12.5941318367585	12.5941318367585	12.5941318367585
CRUK0010	10.4354102733199	10.4354102733199	10.4354102733199	10.4354102733199	10.4354102733199	10.4354102733199	10.4354102733199	10.4354102733199
CRUK0012	10.2929355611919	10.2929355611919	10.2929355611919	10.2929355611919	10.2929355611919	10.2929355611919	10.2929355611919	10.2929355611919
CRUK0013	12.3281798316439	13.7957289484603	10.7320955598818	15.959005466949	8.56881904139317	12.3281798316439	12.6872153764864	11.8872560867801
CRUK0014	11.1554936118866	11.1554936118866	11.1554936118866	11.1554936118866	11.1554936118866	11.1554936118866	11.1554936118866	11.1554936118866
CRUK0017	10.48867896399	11.3601334647668	9.78921054909878	13.1372514995139	8.01209251435166	10.48867896399	10.8152248922632	10.3179252662246
CRUK0018	10.910735461357	11.7292773947741	9.74503537431177	15.0359416229846	6.43837114610128	10.910735461357	11.5986198581161	10.102946793773
CRUK0019	11.4080801165571	11.4080801165571	11.4080801165571	11.4080801165571	11.4080801165571	11.4080801165571	11.4080801165571	11.4080801165571
CRUK0020	11.6438502976822	12.0644968862181	11.2232037091462	13.051791327554	10.2359092678104	11.6438502976822	11.7266534173944	11.56104717797
CRUK0021	11.9371119473982	12.2735184509865	11.6007054438098	13.4169044064604	10.4573194883359	11.9371119473982	12.1249545380733	11.749269356723
CRUK0023	10.7477264540726	11.476490813004	10.0189620951412	12.744373976288	8.75107893185721	10.7477264540726	10.8405414182774	10.6549114898679
CRUK0024	11.3657628960394	12.2671751040538	10.5021602362738	13.8735258550731	8.89580948525456	11.3657628960394	11.7875394245123	10.9342763474554
CRUK0025	12.3917930248372	12.7076243479217	12.0759617017528	13.5588454186875	11.224740630987	12.3917930248372	12.4509135973774	12.3326724522971
CRUK0026	10.5338798574546	10.5338798574546	10.5338798574546	10.5338798574546	10.5338798574546	10.5338798574546	10.5338798574546	10.5338798574546
CRUK0027	11.4702393513203	12.2145619053168	10.725916797324	13.1190168905475	9.8214618120932	11.4702393513204	11.65056512699	11.2899135756507
CRUK0028	10.165282770177	10.165282770177	10.165282770177	10.165282770177	10.165282770177	10.165282770177	10.165282770177	10.165282770177
CRUK0029	12.8710680592367	13.653906116654	11.9538061241672	15.9308936905376	9.67681855028357	12.8710680592367	13.4994525233735	12.1946839433326
CRUK0030	12.8996423491112	13.3616454593373	12.4376392388852	14.3435629686882	11.4557217295343	12.8996423491112	13.2016432171594	12.5976414810631
CRUK0031	11.0742573076517	11.0742573076517	11.0742573076517	11.0742573076517	11.0742573076517	11.0742573076517	11.0742573076517	11.0742573076517
CRUK0032	8.25540971108684	8.25540971108684	8.25540971108684	8.25540971108684	8.25540971108684	8.25540971108684	8.25540971108684	8.25540971108684
CRUK0033	10.8508781377379	11.1683236874526	10.5334325880231	11.3661207226076	10.3356355528682	10.8508781377379	11.0266812913967	10.6750749840791
CRUK0035	11.3896158039291	12.1306432181989	10.7027515733991	13.6377904809368	9.19560431066122	11.3896158039291	11.5304225695989	11.2100299244119
CRUK0036	13.6599997897904	14.9000477100437	12.4321265703028	16.5558949887071	10.7762792916394	13.6599997897904	14.145129056258	13.4461231640777
CRUK0037	10.6779138041111	12.00021310435	9.42364665557089	14.1747664704972	7.24909328942361	10.6779138041111	11.0677256634983	10.0300959448471
CRUK0039	13.3363047270214	13.7166992376025	12.6578277781989	15.0482643775825	11.3262626382189	13.3363047270214	13.7221132232013	13.0796150109055
CRUK0041	12.7568503307031	13.7294690224716	11.857210115508	15.7008743074845	9.88580483049507	12.7568503307031	13.2813813961535	12.0377726124104
CRUK0042	11.7937716803206	11.7937716803206	11.7937716803206	11.7937716803206	11.7937716803206	11.7937716803206	11.7937716803206	11.7937716803206
CRUK0044	11.5476637696825	11.5476637696825	11.5476637696825	11.5476637696825	11.5476637696825	11.5476637696825	11.5476637696825	11.5476637696825
CRUK0046	10.9877633245313	11.6997132726295	10.1802726361131	12.5064799131642	9.37350599557836	10.9877633245313	11.2318706440525	10.6388756052947
CRUK0047	11.2170122979801	11.3343364616453	11.099688134315	11.8841972174774	10.5498273784828	11.2170122979801	11.2428887482736	11.1911358476866
CRUK0048	10.9007027809718	10.9007027809718	10.9007027809718	10.9007027809718	10.9007027809718	10.9007027809718	10.9007027809718	10.9007027809718
CRUK0050	11.681551219577	12.5648247602763	10.9163769957438	14.3108701676573	9.17033158836279	11.6815512195769	12.200059964321	11.3240390534939
CRUK0052	12.719884734413	13.286142002183	12.18299888097	15.3521668039338	10.1169740792191	12.719884734413	13.1363960670485	11.9769077893962
CRUK0053	11.7271152974454	11.7271152974454	11.7271152974454	11.7271152974454	11.7271152974454	11.7271152974454	11.7271152974454	11.7271152974454
CRUK0055	11.3331871904818	11.3331871904818	11.3331871904818	11.3331871904818	11.3331871904818	11.3331871904818	11.3331871904818	11.3331871904818
CRUK0057	11.456594900134	11.9446607342257	10.9685290660423	12.9732295997578	9.93996020051015	11.456594900134	11.8198893146205	11.0933004856474
CRUK0060	11.2956196883033	11.2956196883033	11.2956196883033	11.2956196883033	11.2956196883033	11.2956196883033	11.2956196883033	11.2956196883033
CRUK0061	11.214105287745	11.8799105637598	10.5483000117301	13.5423700420204	8.88584053346949	11.214105287745	11.2258590531669	11.2023515223231
CRUK0095	11.8768665140421	12.114233558749	11.6394994693351	12.9956004446524	10.7581325834317	11.8768665140421	11.994629649493	11.7591033785912
CRUK0096	13.0090372148303	13.8514572429356	11.9363147359653	15.9998262768151	9.78794570208581	13.0090372148303	13.3241171394252	12.7017379062046
CRUK0099	11.1577694798559	11.3874804093993	10.9280585503126	12.357858412306	9.95768054740586	11.1577694798559	11.1770332670462	11.1385056926656
CRUK0094	12.6861576575109	13.3823960701466	12.1416731978948	14.6570870994988	10.8669821685426	12.6861576575109	13.2732030981183	12.2250508037755
CRUK0098	11.7883361554338	12.7129115611952	10.542652352339	14.1183059232361	9.13725799029808	11.7883361554338	12.1181823886877	11.3308190705739
CRUK0097	11.6103599595644	11.6103599595644	11.6103599595644	11.6103599595644	11.6103599595644	11.6103599595644	11.6103599595644	11.6103599595644
CRUK0100	10.9129802424091	11.5371156235467	10.2399870135579	13.1243976274011	8.65270500970348	10.9129802424091	11.0286001464535	10.8001917093769
CRUK0062	12.0253990992444	13.6073608086183	10.7025763821844	16.750361075697	7.55957611510573	12.0253990992444	12.2494185842642	11.6978388036673
CRUK0065	10.6466882054197	11.4175942465787	10.1031082390418	13.9809878792326	7.53971460638796	10.6466882054197	11.1740356488276	9.63682799070653
CRUK0067	11.7983293098008	12.1474367799873	11.4492218396143	13.5624247163757	10.0342339032259	11.7983293098008	11.8065051608178	11.7901534587837
CRUK0069	11.4646769205108	14.1252048958186	7.15290300617829	20.0768291565066	1.20127874549033	11.4646769205108	14.3333883987802	7.30947868584101
CRUK0070	11.4490588332961	12.4426492797964	10.5737332315693	14.3036596759174	8.71272283544828	11.4490588332961	11.8180296977563	11.1904378126164
CRUK0075	13.4113712230395	13.4113712230395	13.4113712230395	13.4113712230395	13.4113712230395	13.4113712230395	13.4113712230395	13.4113712230395
CRUK0076	10.9006105113192	11.0446542046706	10.7565668179677	11.6136911750573	10.1875298475811	10.9006105113192	10.9181077303728	10.8831132922655
CRUK0077	10.5372144357958	11.6423319110927	9.63219310613335	13.2250357404768	8.04948927674925	10.5372144357958	10.763141125409	10.2685960867143
CRUK0078	11.6870937165385	12.0058041498416	11.3683832832354	13.9796884419422	9.39449899113476	11.6870937165385	11.8827816053834	11.4914058276935
CRUK0079	11.4989874512865	11.989885451203	11.0844935798419	13.4935484160177	9.58083061502722	11.4989874512865	11.7746520485913	11.3842160492727
CRUK0081	13.9568283332456	13.9568283332456	13.9568283332456	13.9568283332456	13.9568283332456	13.9568283332456	13.9568283332456	13.9568283332456
CRUK0082	11.2437900689127	11.7440695949159	10.7435105429095	12.3876236452561	10.0999564925693	11.2437900689127	11.3230374457266	11.1645426920988
CRUK0083	10.7055692622626	11.0480173597852	10.2140512687535	13.5652333002215	7.69683532831727	10.7055692622626	10.903531848584	10.5293794557125
CRUK0084	10.3381216772654	10.7719438940548	9.90058723047538	11.2577945468356	9.41473657769454	10.3381216772654	10.4447353058237	10.1989127791346
CRUK0086	11.7144926698456	12.6588799726961	10.9529347503033	14.2949581519101	9.31685657108924	11.7144926698456	12.4701034004114	10.9613112078365
CRUK0090	13.6274918892191	14.1123581328042	13.142625645634	14.4940053270146	12.7609784514236	13.6274918892191	13.9144204681033	13.3405633103349
