m1.s.avg	m1.s.max	m1.s.min	m1.s.adj	m1.s.rev	m2.s.avg	m2.s.max	m2.s.min
CRUK0002	4.59475387157846	4.59475387157846	4.59475387157846	4.59475387157846	4.59475387157846	4.59475387157846	4.59475387157846	4.59475387157846
CRUK0004	4.38378493658444	4.86286250011745	3.87208225598312	5.19697279509689	3.53797196100368	4.38378493658444	4.59802980542249	4.13455021071835
CRUK0005	4.04852557940439	4.26621611119067	3.72405032852832	4.89718525882539	3.09308118089359	4.04852557940439	4.24617187547464	3.82892267354963
CRUK0009	4.9898893426098	4.9898893426098	4.9898893426098	4.9898893426098	4.9898893426098	4.9898893426098	4.9898893426098	4.9898893426098
CRUK0010	4.90412490846727	4.90412490846727	4.90412490846727	4.90412490846727	4.90412490846727	4.90412490846727	4.90412490846727	4.90412490846727
CRUK0012	4.47947695265537	4.47947695265537	4.47947695265537	4.47947695265537	4.47947695265537	4.47947695265537	4.47947695265537	4.47947695265537
CRUK0013	4.44609876718703	5.12136469783894	3.92697474937454	5.63635436591369	3.41198508129979	4.44609876718703	4.96162011103956	4.09845856452789
CRUK0014	4.03625799274375	4.03625799274375	4.03625799274375	4.03625799274375	4.03625799274375	4.03625799274375	4.03625799274375	4.03625799274375
CRUK0017	4.13413379235338	4.7228106559482	3.68970790332745	5.22696443145541	3.18555412782025	4.13413379235338	4.73020503816405	3.74963060133323
CRUK0018	4.13284200931275	4.40138396878521	3.56588209226812	5.31886126548552	2.64840479556781	4.13284200931275	4.70953433810224	3.54324713988329
CRUK0019	4.70599226890596	4.70599226890596	4.70599226890596	4.70599226890596	4.70599226890596	4.70599226890596	4.70599226890596	4.70599226890596
CRUK0020	4.3827203684654	4.47207298830289	4.2933677486279	5.03550672277522	3.72993401415557	4.3827203684654	4.60860052439278	4.15684021253801
CRUK0021	4.9277763485444	5.20738000535816	4.64817269173065	5.54876437219734	4.30678832489147	4.9277763485444	5.13628760589505	4.71926509119375
CRUK0023	4.06707371997969	4.40694423696135	3.72720320299804	4.75080259976197	3.38334484019742	4.06707371997969	4.33876827154672	3.79537916841267
CRUK0024	4.09577638174123	4.22288553490524	3.86153068178275	4.78034677853031	3.30406943815768	4.09577638174123	4.21210258547178	3.98176713731354
CRUK0025	4.04939408299758	4.17506221432514	3.92372595167002	4.52803435018573	3.57075381580943	4.04939408299758	4.17558659317405	3.92320157282111
CRUK0026	4.28605832886236	4.28605832886236	4.28605832886236	4.28605832886236	4.28605832886236	4.28605832886236	4.28605832886236	4.28605832886236
CRUK0027	4.27421238580363	4.67202549743291	3.87639927417436	4.79982364303859	3.74860112856868	4.27421238580363	4.58082416546833	3.96760060613893
CRUK0028	3.56276701375168	3.56276701375168	3.56276701375168	3.56276701375168	3.56276701375168	3.56276701375168	3.56276701375168	3.56276701375168
CRUK0029	5.84622051638895	6.31785185422974	5.48556784791129	6.91799375345249	4.88542594868855	5.84622051638895	6.21163763219968	5.34640606838143
CRUK0030	4.52363237769955	4.69843897054782	4.34882578485128	4.87755947872795	4.16970527667115	4.52363237769955	4.69771362098718	4.34955113441192
CRUK0031	4.53244165564103	4.53244165564103	4.53244165564103	4.53244165564103	4.53244165564103	4.53244165564103	4.53244165564103	4.53244165564103
CRUK0032	2.67177869613281	2.67177869613281	2.67177869613281	2.67177869613281	2.67177869613281	2.67177869613281	2.67177869613281	2.67177869613281
CRUK0033	3.51336272758011	3.59597895470177	3.43074650045845	3.64961365412625	3.37711180103397	3.51336272758011	3.51781063606452	3.50891481909569
CRUK0035	4.10468965311831	4.29724883997848	3.88446131103286	4.85495558509029	3.32675456592106	4.10468965311831	4.20651016770011	3.93645708288472
CRUK0036	5.09404231569051	5.82196016685245	4.40696494153093	6.45180780832481	3.77711730005857	5.09404231569051	5.50702672699979	4.8185276431328
CRUK0037	3.99451067838092	4.37208104717256	3.69248893393559	5.03850511517142	3.02606486593674	3.99451067838092	4.4156592308441	3.59871835293562
CRUK0039	4.69898993867105	4.8224721261121	4.49937384762227	5.13761563897505	4.18423033475931	4.69898993867105	4.80876204716976	4.57293357262616
CRUK0041	5.32042177994017	5.63275529459527	4.77770443938071	6.09444380348148	4.31601593049451	5.32042177994017	5.63386218278449	4.96253768472441
CRUK0042	3.94114655349465	3.94114655349465	3.94114655349465	3.94114655349465	3.94114655349465	3.94114655349465	3.94114655349465	3.94114655349465
CRUK0044	4.6944764362734	4.6944764362734	4.6944764362734	4.6944764362734	4.6944764362734	4.6944764362734	4.6944764362734	4.6944764362734
CRUK0046	4.29895958735761	4.40464503630032	4.16293975820638	4.84809516462541	3.71948962988128	4.29895958735761	4.35125983673787	4.22959758838175
CRUK0047	4.29678751616403	4.46982930104585	4.12374573128221	4.73356310127941	3.86001193104864	4.29678751616403	4.30578365617833	4.28779137614972
CRUK0048	3.98538760454178	3.98538760454178	3.98538760454178	3.98538760454178	3.98538760454178	3.98538760454178	3.98538760454178	3.98538760454178
CRUK0050	4.41484095921623	4.68745479091532	4.1686198316309	5.11728252746786	3.73879209507835	4.41484095921623	4.56809414864298	4.3433003751864
CRUK0052	5.11987337516219	5.17564215910046	5.11545562090568	5.89621391451584	4.39488386549031	5.11987337516219	5.23540666596061	4.89750102925407
CRUK0053	3.76959925888765	3.76959925888765	3.76959925888765	3.76959925888765	3.76959925888765	3.76959925888765	3.76959925888765	3.76959925888765
CRUK0055	3.85135087605793	3.85135087605793	3.85135087605793	3.85135087605793	3.85135087605793	3.85135087605793	3.85135087605793	3.85135087605793
CRUK0057	4.56561632712507	4.61269432218437	4.51853833206576	4.87482345677985	4.25640919747028	4.56561632712507	4.61590266401594	4.51532999023419
CRUK0060	3.71339781675543	3.71339781675543	3.71339781675543	3.71339781675543	3.71339781675543	3.71339781675543	3.71339781675543	3.71339781675543
CRUK0061	4.24969733617653	4.53235110468633	3.96704356766674	4.92635141949004	3.57304325286303	4.24969733617653	4.31510110520788	4.18429356714519
CRUK0095	5.10007240062903	5.24422326878954	4.95592153246852	5.44691224129912	4.75323255995893	5.10007240062903	5.19198200640915	5.00816279484891
CRUK0096	4.71304027452306	4.93235961830146	4.37920815549746	5.57370877973389	3.73785899406504	4.71304027452306	5.00616607118888	4.50745788912535
CRUK0099	4.99504156365122	5.07094315385838	4.91913997344407	5.48930631274151	4.50077681456094	4.99504156365122	5.08099574573842	4.90908738156403
CRUK0094	5.32640639963497	5.71770659064385	5.03332708987876	5.95013227059179	4.80090140993082	5.32640639963497	5.5242725193682	5.20628765794841
CRUK0098	4.29078523515321	4.81900184377128	3.96363535575164	5.31578201574615	3.46685518377677	4.29078523515321	4.52478170168837	3.9200886210818
CRUK0097	4.40561715613539	4.40561715613539	4.40561715613539	4.40561715613539	4.40561715613539	4.40561715613539	4.40561715613539	4.40561715613539
CRUK0100	4.68319920758182	4.9806250348465	4.41780831396782	5.55792556794277	3.84050778087155	4.68319920758182	4.89618599877193	4.5581698678654
CRUK0062	4.79106120530827	5.41724205335243	4.1606296977971	6.29943472080942	3.27843703034011	4.79106120530827	5.01936963320015	4.42021813362929
CRUK0065	4.61414077173367	4.97867947180597	4.17184233562188	5.69562281544041	3.45489899198744	4.61414077173367	4.97486117277753	4.2968474412408
CRUK0067	4.86963820183467	5.01168540033046	4.72759100333888	5.61529447007138	4.12398193359796	4.86963820183467	5.28289682131345	4.45637958235589
CRUK0069	4.32286652129722	5.29645927895599	2.75225114001446	6.2968417462882	1.75186867268225	4.32286652129722	5.35400469927958	2.68337458263821
CRUK0070	4.84422728174234	5.10639881890379	4.57328685928	6.04304985394074	3.63663582424305	4.84422728174234	5.02394460616909	4.52645341196856
CRUK0075	4.71957668848408	4.71957668848408	4.71957668848408	4.71957668848408	4.71957668848408	4.71957668848408	4.71957668848408	4.71957668848408
CRUK0076	4.87376167033364	5.00656098383499	4.74096235683229	5.13187334329298	4.61564999737429	4.87376167033364	5.00207667016286	4.74544667050442
CRUK0077	4.70510417492071	4.93035528318649	4.50395592152726	5.47551900604324	3.95879219867052	4.70510417492071	4.79013457414538	4.56708324397036
CRUK0078	5.02847229032228	5.1616837657234	4.89526081492117	5.40396012929962	4.65298445134494	5.02847229032228	5.07660757289671	4.98033700774785
CRUK0079	4.20246307271104	4.40076419283401	3.97543692916671	4.90284344610007	3.47335767590065	4.20246307271104	4.31272415925051	4.07350670315687
CRUK0081	5.24480927287902	5.24480927287902	5.24480927287902	5.24480927287902	5.24480927287902	5.24480927287902	5.24480927287902	5.24480927287902
CRUK0082	4.63586026110922	4.85076057003033	4.42095995218811	5.16227199715279	4.10944852506565	4.63586026110922	4.87197230378265	4.3997482184358
CRUK0083	3.56024358178865	4.01010020480238	3.19454066820845	4.58029382654082	2.62434704647001	3.56024358178865	3.82070628216768	3.31145244263728
CRUK0084	6.422413979958	6.61550774129493	6.26826048497923	6.79848049079502	6.08528773547914	6.422413979958	6.49510656871433	6.37159330055216
CRUK0086	5.31092595659368	5.66088518319514	5.04355110228434	6.0995185864125	4.60491769906698	5.31092595659368	5.73280960908269	4.96487903430409
CRUK0090	5.62440833854575	5.70712857381239	5.5416881032791	5.88538084915542	5.36343582793608	5.62440833854575	5.71623433697093	5.53258234012057
