m1.s.avg	m1.s.max	m1.s.min	m1.s.adj	m1.s.rev	m2.s.avg	m2.s.max	m2.s.min
CRUK0034	13.6757621375503	18.8581371351366	6.87148153090095	14.466173511224	17.5505184343242	15.1101623355634	20.5622190574714	9.65810561365547
CRUK0045	35.972974797447	37.9952214901883	29.0458102079973	3.33647266573725	53.1847731691338	34.6387272158598	38.5978479591831	30.6796064725365
CRUK0005	-3.14959143923287	-2.24699348334016	-3.62093098258423	-6.37534883666928	8.44396791651416	2.57513263152927	11.6027152465956	-5.27032535121963
CRUK0028	34.5721260610104	34.0377924992268	33.7552055978148	46.473887900341	17.2503342937273	35.7634165329648	35.8745283484269	35.6523047175026
CRUK0117	14.8780475841251	16.9667091069658	7.21627460358345	9.80595763604052	15.5490237338059	16.4324543888031	20.0762017546987	12.7887070229076
CRUK0024	4.94366630648044	4.54710566777215	5.63418128073267	-6.86835239389097	28.7877330608619	9.83644264845774	23.8121144261877	-3.26466259775915
CRUK0128	19.1429414143821	19.5313505822018	18.0042230816516	44.2546993339519	-6.60176340468225	21.5836078506556	21.5836078506556	21.5836078506556
CRUK0051	9.74431424701378	7.57442267496079	13.2078167534866	-4.8621987445726	31.4271521175134	12.2754522572065	13.5089537069282	10.254596965642
CRUK0042	20.9006133987908	19.5933567829949	21.7277253357705	34.7803926958559	0.601016195160729	23.1977427368481	28.2193205508635	18.1761649228327
CRUK0004	35.6239045318806	30.1550831139845	42.7685751926093	-2.01462520661758	62.1244180517043	32.5129739268272	47.8454400951305	24.4346083371994
CRUK0057	-8.62947960440596	-10.6082761748068	-5.93557838980546	-7.23224519714999	-9.50044179067593	-6.6774538599159	-3.33868417808113	-10.0162235417507
CRUK0003	37.3823030822248	34.1842763007504	37.1159790377373	9.45413831955281	57.5940142262414	35.1260759064261	41.0202732160403	24.3430767244402
CRUK0026	23.0360563663598	23.8783804581572	20.5349678690795	40.8191957533221	1.64683764472347	25.2212170864669	27.4281386289615	23.0142955439723
CRUK0039	-12.4434259855289	-12.1840780912426	-12.1599098044115	-9.81930764795955	-14.4066298123755	-10.9088704776339	-10.68561354349	-11.1321274117777
CRUK0016	-4.45151397636299	-3.65300547087532	-5.17295304365509	11.9723055752316	-10.3761297072423	-3.44017335817112	-2.38599092642038	-4.49435578992186
CRUK0018	8.0773395942801	6.65768847216864	7.08822628146839	-8.82963559417405	37.0563787344296	11.1912361645404	36.7514756420239	-4.59288398206123
CRUK0053	10.5664345347921	8.75119562218308	10.2579285247006	-4.23030855102626	27.8693715890644	12.5531955424464	14.191320575965	10.9150705089279
CRUK0017	-4.26209085966234	-3.26500046384164	-4.62647928766902	-11.92981930061	18.2131941218622	-2.20806906414895	0.691033698615821	-4.43530754187529
CRUK0021	-15.5148135453284	-15.1278600356442	-15.1621913919302	-10.5541376229717	-19.0306232464116	-13.075632993066	-9.20961050478756	-16.9416554813445
CRUK0060	-4.45718450431913	-3.41016407681645	-6.41799955105127	5.01871469045078	-10.4488282944602	-2.5063134054733	0.490913936272552	-5.50354074721916
CRUK0032	18.5238817709709	17.9803238908712	15.8010012378683	1.56359789440096	30.2714474007278	19.4402797504965	26.3001049406748	13.4758195102453
CRUK0055	-4.4327866589177	-3.37423348202022	-4.93179946257455	-21.9370582429007	60.0342286283923	-1.3088410804432	2.99369659742864	-3.60381524211489
CRUK0020	-11.1371526405188	-10.9501052499782	-10.9212407177252	-6.52980752266004	-14.9747288669718	-9.50577605236886	-9.21431886435487	-9.79723324038285
CRUK0027	0.952443640163185	-4.33684030498094	0.467632463259405	7.74320883051696	-9.47909522712083	4.14448606725184	4.91025184826821	3.37872028623547
CRUK0124	42.5959913572369	42.7673790514453	41.4104992606379	55.1856822075533	23.3720793219812	44.0395668667117	44.4509274395435	43.62820629388
CRUK0008	16.7137738476595	17.3275318540016	14.8025381684991	22.5395471083618	11.0594944969516	19.9723164305487	20.7148547355931	19.2297781255043
CRUK0199	28.271406664659	28.8976336312831	27.1683520856733	52.0524881200819	-3.48375406565823	30.1126587448209	30.1126587448209	30.1126587448209
CRUK0182	-3.01829477426845	-3.24123757003522	0.938554739829427	11.6459547994148	-4.53704850622417	3.99555346205789	11.1019426151155	-3.11083569099971
CRUK0029	-20.1187274181784	-18.0451758946616	-20.5121918549852	-23.4652861144815	-12.1869383439029	-17.6460290427876	-12.0294242851424	-19.5221934732244
CRUK0061	27.3502737551757	27.6071191206731	26.4202825114695	51.6594739131233	-3.98640809536938	30.1616582098432	30.1616582098432	30.1616582098432
CRUK0023	-4.25413550703821	-4.03121655181069	-4.86651282425719	-5.22328140432197	-5.29990229097506	-2.62943287222228	0.0117422005070158	-5.27060794495158
CRUK0035	5.42351355052533	6.00343271951192	3.44503653750157	19.7858239499439	-6.01584102716053	8.19436197897413	10.2404615346534	4.45907044065172
CRUK0044	6.8882308199612	3.01203095997028	7.82743401982625	-5.42094627766932	19.7819596528396	15.1447020973881	40.9835270966871	-10.6941229019109
CRUK0050	10.2923236468904	9.44629753160538	6.11440563316859	7.21914804669365	8.77440828432941	14.2460096026922	23.3812857723757	5.47679213488627
CRUK0030	-10.5216961075803	-10.756588125508	-8.2718002736988	-16.5131777516864	-2.47257075680211	-7.7997727761372	-2.86434771342587	-12.1282905764289
CRUK0157	-15.767870021111	-17.1044443325279	-13.5843439896961	-18.4162745359656	-11.3659720343831	-14.0286916402209	-12.0425590806917	-16.5860518191616
CRUK0052	-19.9754973417591	-18.9868446066895	-20.0457684095917	-21.3352815289176	-17.2003174943862	-17.8203034790317	-15.7112368877654	-20.953865946371
CRUK0010	12.0909057108753	12.7630966471549	10.2300633152093	43.6502227442786	-10.1514542942195	15.3799231471309	15.3799231471309	15.3799231471309
CRUK0046	27.9840966495802	28.368586902838	25.2703516529236	28.3798103660858	27.03985442016	30.3168745989573	32.7921896920616	27.1983266484546
CRUK0142	-5.12324943827719	-4.31735722234402	-6.20608374291225	1.75887328044455	-9.26501534153172	-1.83652096438368	2.51254097717031	-6.18558290593766
CRUK0115	-4.97948202538574	-4.13524227041993	-6.03724414984039	17.3312728768649	-15.0773397525556	-2.17741148596568	-0.749562080900272	-3.6052608910311
CRUK0041	-17.6355747202065	-17.6408224774546	-15.9549912596933	-21.6506034643615	-8.11052161497526	-15.6229906921531	-13.7841031334693	-18.5313991808461
CRUK0036	-16.3092411025221	-16.9839800675047	-14.2248420869475	-18.638367819132	-11.789963888942	-14.5925321514747	-8.18979339635867	-18.8602225124223
CRUK0012	47.1658786871716	47.6463608931716	46.403921588176	64.9606148524267	14.3640959282552	48.3715859744109	48.3715859744109	48.3715859744109
CRUK0001	18.6636586759289	8.8017088341961	29.7946507944842	18.1746646300258	20.7225905264776	19.4747010211822	40.5299802320398	-1.58057818967544
CRUK0047	9.42069006720777	11.2240027753204	7.03205061557381	31.8875609160071	-8.84985694958213	13.4289047572748	17.9901159256067	8.86769358894295
CRUK0033	33.7354287811617	33.3092930393439	33.4792791021637	51.8747573228851	13.602288733729	36.4899044394934	37.8275373013669	35.15227157762
CRUK0009	-16.7369666142441	-16.4251452670699	-15.476139045908	-16.6208964921831	-14.9867079117617	-14.8565233422373	-14.2322254147546	-15.4808212697199
CRUK0178	-13.0580550397153	-12.4893684006644	-12.5249901891287	-16.9680676784616	-6.02962703188808	-11.7282915443339	-10.9345546975119	-12.455716640309
CRUK0049	30.6960385375895	30.9964162131416	29.1096806542024	58.7037426401582	-6.81811884198548	33.0744380184466	33.0744380184466	33.0744380184466
CRUK0025	3.77182987504477	4.10054892478958	1.17702681484721	24.8147306412592	-8.75117391889091	6.3736517907337	14.2393209725062	-1.4920173910388
CRUK0006	-7.76140919840495	-7.31988633368208	-8.13976859849897	-5.43697347731327	-11.7868180402256	-5.97633778239321	-3.65037994956891	-8.3022956152175
CRUK0259	20.7811716442265	22.5338268013791	16.363373460727	21.5703808929651	20.7115909707226	22.088986651172	31.1497759318246	13.0281973705194
CRUK0270	0.323288736105481	0.51765016318116	0.477950417761819	-8.17321616133095	15.5831467274767	2.23718491535849	8.93728476687976	-0.100262868957801
CRUK0048	23.8706751489392	23.172536594342	23.1185533433288	42.2993265426463	8.20639622063472	26.6179810982812	26.8729743701857	26.3629878263768
CRUK0296	25.1875116257527	25.3041474802625	23.7356824852993	45.4516790075398	6.92748896921567	27.9650537497896	29.8599611560669	26.0701463435122
CRUK0253	32.5601908129012	28.6917540921692	35.6580625828767	10.8558135717761	60.0244555804966	34.5153566523851	40.7672882730594	22.5272395228411
CRUK0019	47.0065227193178	47.555179651117	46.1884481456899	64.7618784124391	14.4471981984247	48.3845078823591	48.3845078823591	48.3845078823591
CRUK0285	-14.156730023962	-14.2197168094557	-14.2395514275689	-5.63046436938875	-20.8553672497857	-13.4930984337628	-13.4930984337628	-13.4930984337628
CRUK0272	-14.6326479817855	-13.4872269718452	-14.8470855816085	-19.5729732894717	-6.19050045762714	-12.030566634187	-10.0337940182581	-13.879173826151
CRUK0011	51.9080978371104	50.6052091668073	45.6586744833832	32.2085056778934	59.573803518618	49.6118787723483	54.3694414065072	44.7215666727484
CRUK0037	15.6307684627211	22.4797880067235	10.7082300609287	-11.596840831703	52.1201425777181	18.473619642685	28.1578516985735	13.5162006833428
CRUK0014	18.374067184796	18.6881683443107	16.8861615500292	44.5062854823907	-7.81628239317554	20.9446650977077	20.9446650977077	20.9446650977077
CRUK0279	30.1260368468406	30.6138772231936	28.9949427340061	54.6022965896484	-3.52770028798844	31.8467431370185	31.8467431370185	31.8467431370185
CRUK0223	-18.0455403255157	-14.4146802256935	-17.5710267718948	-24.3093686330661	37.2546921323424	-13.2385555378371	-3.73256034371561	-18.0301378832993
CRUK0287	1.22732814066957	1.69559236752248	0.632201668993719	20.2783297399531	-10.262236102363	4.12183414153298	6.60089654691699	1.64277173614898
CRUK0276	-7.72655817058721	-6.35790163864781	-8.33472045873247	-10.2131567924002	-4.37163376707412	-5.3330751482949	-2.39256803627407	-6.98834563555186
CRUK0242	8.84460970092411	7.72966720931956	9.70959523431159	-2.98866071935226	22.6846976763349	13.3238037772611	30.0339902322903	-2.3902038528125
CRUK0022	29.1103630278622	29.9373759881754	25.6278781358952	32.5873489994719	24.8354505863741	29.6329582527914	30.8646272854597	28.4012892201231
CRUK0206	-7.08345961105927	-7.27892872445215	-6.94635374471586	-10.9249436737653	-3.66928864736116	-5.24432241812667	-1.60312279930625	-8.52549544799427
CRUK0297	35.6358564411894	35.7544985403506	35.2457786814353	55.1986224422722	9.41882030666384	36.9201636520571	36.9201636520571	36.9201636520571
CRUK0284	-7.569285665427	-6.02698267070464	-8.56295996350191	-20.9534374920569	35.8641843099245	-4.1737124901262	7.15638419247176	-9.43904849176382
CRUK0233	28.1901862230987	30.8328345134692	23.302481814096	40.8724917417814	10.0256681388236	29.6345201240376	33.9765107932364	25.2925294548387
CRUK0280	38.1524568361702	36.6001353022652	34.5590333592534	25.4771013046952	46.0634698020351	37.6420589134334	40.8386381139219	34.5630795538088
CRUK0247	50.8970283233305	49.9141703297452	50.8024693767461	56.8280062476912	40.9701815613876	49.4893078372295	53.8979410335929	45.0806746408661
CRUK0274	35.5665482725527	31.5166091359886	38.6345012178582	-5.14953242627537	63.9310273746204	34.7546563646008	47.1848516347155	26.512437861308
CRUK0212	49.1684005923553	48.9857877262988	48.8004702787068	66.4747734729732	12.8770993402212	49.8643601150854	49.8643601150854	49.8643601150854
CRUK0299	-8.17353218024667	-3.96169102787837	-11.9241972442667	-15.3038440259796	10.242210323843	1.16134357040417	18.7869725814037	-16.4642854405954
CRUK0372	-6.62902147835686	-6.80363093983241	-6.59189150875828	17.8015223505055	-15.8214967120226	-5.71942906063614	-5.71942906063614	-5.71942906063614
CRUK0361	-8.16009688248211	-15.2094701666671	-3.68678411421089	-20.2669264615776	38.8597652245891	-2.82365918041332	16.1265819963668	-17.4163700523806
CRUK0380	1.5007568415563	1.45041980671625	1.33596371776304	-6.8582333645375	21.8105591912415	4.65812662312349	13.7910672585021	-0.17676210497793
CRUK0352	-5.9028490794056	-6.09251463481942	-4.92872936074807	-10.8612087952562	2.61617897181441	-4.36204899356072	-3.26466897046654	-5.45942901665489
CRUK0371	-4.86021557743671	-3.9126452982472	-6.14992213529614	14.1542931877116	-13.3504432428535	-2.92640977052965	-0.230323005794561	-5.62249653526473
CRUK0344	-2.87784168285363	-1.74705858556645	-4.23971235073847	-5.52610602650995	0.930133868211331	0.649589226322828	3.99121595541499	-2.69203750276934
CRUK0313	25.7187134316557	26.113514088948	24.956984533584	47.7783495252656	-3.87123388368532	27.4113008042418	27.4113008042418	27.4113008042418
CRUK0369	-16.2828407477742	-11.0799418855261	-11.3140304762433	-24.0677181044377	60.5146817989763	-11.712527849972	-4.94871761643646	-16.5077458321507
CRUK0375	1.57002802402255	1.12028683303628	2.04689805949584	-11.6214045597879	34.6443028255238	3.08644932710235	4.86997495854074	1.30292369566396
CRUK0388	29.1312056534575	26.1770505899255	20.4482851100194	-10.3637963324824	60.3651664487406	25.1470270945556	44.6334142630743	8.35206738184356
CRUK0370	36.4854009122686	37.1819728219253	34.079789647035	50.1812318779376	16.5719662282484	38.1082591270877	38.9825041281753	37.2340141260002
CRUK0386	-3.48285703884345	-3.50374169864348	-3.42620466441287	30.4560910674329	-13.3458084459165	-2.84539026815038	-2.84539026815038	-2.84539026815038
CRUK0322	-11.1694805984845	-12.067675454401	-6.96115824781568	-20.0578047807327	33.2018291469775	-6.37389411293677	1.91872767531773	-11.8405558577923
CRUK0316	29.4532630294835	28.9442735416157	28.6308690825188	40.9472538003799	14.8853401210907	32.0400818782661	35.3847026201959	28.4272746934098
CRUK0301	28.3709056358937	28.9201391490537	27.14133788486	53.8368259140214	-5.39904942519411	30.2867054751623	30.2867054751623	30.2867054751623
CRUK0333	-6.43394512931192	-4.06734371258413	-9.02517728805426	-13.9037934074987	14.8477788378982	-4.92898924158133	-1.90827398245042	-6.98037672401196
CRUK0379	-5.07538431157404	-7.1853002749724	-4.48148014248499	-17.1688434864077	40.0186631691131	-2.97387991239175	0.772127889403457	-6.16550031637012
CRUK0377	-14.5912272675159	-14.5888101884449	-14.7825119815306	-6.45700244369655	-21.3343824114953	-13.7651564593746	-13.7651564593746	-13.7651564593746
CRUK0394	-13.3750002648764	-13.0023934051036	-13.5727714781009	-11.8872180483982	-14.6426228417267	-12.6412002894119	-11.755650677143	-13.1536697847004
CRUK0368	-10.8548311376803	-9.880117320061	-10.5110988539661	-11.4688353467628	-8.832218249677	-8.37822140929228	-6.81999307051809	-9.93644974806647
CRUK0319	42.8950420345433	43.188378775587	42.6244490015711	59.5862672223358	16.230361282506	43.583236188131	43.583236188131	43.583236188131
CRUK0350	3.80669657520335	3.92193073971107	7.51355347430697	23.9478331576126	-10.0174710170862	9.87942452324256	10.1862030125185	9.57264603396657
CRUK0337	-14.1845267439208	-14.4973798608826	-13.8228235374066	-3.16264003929372	-22.2118024107555	-12.9647522704481	-12.9647522704481	-12.9647522704481
CRUK0359	-8.6156560415326	-8.6606133926657	-8.39382335574929	-7.49484438786694	-9.48349965771701	-7.11184228385202	-6.25917447711132	-7.96451009059273
CRUK0343	-4.57601875909473	-4.68055634684888	-4.07071549441732	-16.1285638703115	32.1393133624223	-3.7559446065701	-2.08277753421967	-6.75142395858311
CRUK0385	-13.939917354994	-14.0623173614549	-12.8580242889525	-16.835272937759	-9.25028778497964	-12.0164624315708	-8.51681687925404	-14.3647485408654
CRUK0460	43.3676331219919	44.3371779664472	37.5361260704102	33.1577236078307	49.4500760497034	42.3244143752614	44.0980936292362	39.664395479773
CRUK0492	35.695348441864	36.0260706580681	35.16311542401	57.2414650367101	1.81661611201815	37.3178419174384	37.3178419174384	37.3178419174384
CRUK0487	-11.5688204691577	-13.3068666647972	-5.85414821001559	-18.6573544147032	23.364816261249	-9.93081634298186	-5.01193685314515	-13.4658165329159
CRUK0408	16.2239064122656	16.512556350726	13.9879326567323	47.8605966046438	-10.8074412145815	18.6193682361777	18.6193682361777	18.6193682361777
CRUK0497	-17.6623407019295	-14.8588970677573	-17.6787941353326	-20.1950989733197	-10.7180070697846	-14.7299135044361	-11.3447329593124	-20.458612634465
CRUK0410	-8.9921065965443	-9.61379741797649	-7.84814244923974	-22.1686607319114	40.3967569311139	-6.65666119941895	-1.9505652855189	-11.4813645397303
CRUK0412	-11.8032057640494	-12.2406203054188	-10.4482470632208	-14.0239066219399	-8.33117935287837	-10.173919212217	-8.65798334029161	-12.7396235431819
CRUK0401	-10.4727295555118	-9.76270973046593	-10.7565865645767	-8.65755422528209	-11.8557153813803	-8.82056412361019	-8.4761490949836	-9.16497915223678
CRUK0496	13.4002674198575	14.2788749680556	10.5565237313511	8.1871497632868	19.9150540306464	15.9627894629347	18.3916856235304	14.0954002709763
CRUK0431	-9.41417376592031	-9.63909077504191	-9.28952703242197	-4.76132236334703	-14.6963416643525	-7.93035524293813	-7.05646643182582	-8.80424405405045
CRUK0447	-5.86506149252056	-6.19579115263852	-5.88600000381414	28.7594848454861	-19.01542971404	-4.4375101313744	-4.4375101313744	-4.4375101313744
CRUK0404	42.4108141870209	37.6618581454525	44.1356636759243	35.962585604174	45.1955075359943	41.680861716176	46.7216602229927	36.6400632093594
CRUK0450	-6.55946229926462	-5.51549824081997	-7.23530769938923	-5.23170123054248	-8.14210140244669	-4.48832540165996	-3.33653690340974	-5.64011389991018
CRUK0416	6.31348249628046	0.2912529649178	3.62397813931671	-11.2666194429003	36.9048970678495	11.5567769493602	33.4208534685228	-5.73196329733774
CRUK0462	16.5966276640031	17.2096072795101	16.7678454279602	-2.18156610085237	38.3831367578914	19.0432125659476	21.5843200766688	16.684901346613
CRUK0418	34.0603924028917	34.6898321546553	32.386342888	59.0923849322652	-4.8999123847095	36.5141564802167	36.5141564802167	36.5141564802167
CRUK0406	-3.62139539461509	-3.40099736679073	-5.17916434523766	-6.60866910098126	0.744908601606827	-0.688052084870228	0.905666289386461	-3.81429323775423
CRUK0453	-17.5427826164603	-17.6524591172301	-17.3638515187126	-7.35452449760566	-23.4781799822997	-16.7985049390045	-16.7985049390045	-16.7985049390045
CRUK0542	-13.1401437308808	-12.481638719424	-12.4960446339614	-14.5320591188083	-10.784694506431	-10.7960711082236	-9.62579954712596	-11.9663426693212
CRUK0573	8.32592944267621	10.0422276190525	1.90977818449778	13.7100481020993	1.25515406427852	10.1857125296104	18.3422481820274	-2.96692973397193
CRUK0525	23.0277286122164	21.1511574778695	21.8639504966177	23.9617079837498	20.3218769823813	24.0168539601945	27.661578851229	20.3721290691601
CRUK0541	-11.7106606134229	-11.6213615052059	-11.8114543540744	-7.66145632370084	-15.9572371114497	-11.0585275978938	-11.0319378044396	-11.085117391348
CRUK0592	15.0823393784065	13.6647903055325	14.914185041101	21.0121735445677	9.12224962504045	18.1253262362437	20.9428993664179	14.454088499113
CRUK0578	51.9848383994561	53.2652932524857	50.3030947884887	68.0077835811492	13.7653054594935	52.5250450848487	52.5250450848487	52.5250450848487
CRUK0519	-11.230837797988	-7.26986446947283	-12.26036119457	-19.4430150220749	14.8824109865149	-6.80637298395849	0.407072810514352	-14.4064680016284
CRUK0533	33.1222586082875	32.5190189880933	31.083735099229	9.30392382939836	50.7288302883154	33.0600449160057	38.7490382551816	29.2728324557912
CRUK0581	14.7235517297421	15.3944845175166	12.2635009946276	33.3615470915155	-5.9798618258813	16.6585417338383	16.8654439055325	16.4516395621442
CRUK0537	-1.81691867813291	-4.33746475700943	18.1883551589828	-18.9122738285713	60.2055187885461	8.98862711398481	21.4506322476725	-3.47337801970289
CRUK0555	-11.5759872470017	-9.98323933254268	-10.170660199864	-17.6083954335129	3.68060335994926	-7.53604688772178	-6.72330192828124	-8.34879184716231
CRUK0586	-10.7534151734843	-9.13199751041064	-11.7042191880109	-12.0556184260275	-9.76717835171267	-8.99218361537834	-3.37309308003962	-14.6112741507171
CRUK0530	30.8188817765484	19.8529647241186	40.2204295752149	-4.61129447032818	59.0401111431108	31.1992369690588	42.1099130264798	20.2885609116377
CRUK0559	-6.97771044598122	-7.11331054897403	-6.91909141616916	0.829244423087926	-13.6702251186913	-5.7782075620834	-5.38406186542505	-6.17235325874175
CRUK0570	36.0684058537566	30.0237086377098	41.9080079583532	31.4856520569573	42.8597298747223	38.6334330922363	46.9244684238889	30.3423977605838
CRUK0513	30.9232832378844	27.0607572232838	30.3491756927661	25.4307989217327	32.6358681790439	31.2459717072605	36.5849470282244	22.2561925164918
CRUK0504	14.4032058296202	14.6331064651424	12.927263602679	31.3845740969594	-3.25504227105051	16.7943836305156	20.2504775757716	13.3382896852596
CRUK0569	-3.72635586113362	-3.91376175119888	-3.52453700109972	31.0520476742803	-13.7331331504543	-3.30386655516166	-3.30386655516166	-3.30386655516166
CRUK0548	6.60203245618144	5.89219326616358	6.26954068114738	29.3618844456681	-8.97360148891443	8.63088431740289	16.712860685056	0.548907949749809
CRUK0521	47.0887969349766	46.8246121592153	47.4617027991174	62.5425986861741	20.272080352008	48.3767116085345	48.3767116085345	48.3767116085345
CRUK0512	14.7526868948839	14.3995557795504	14.3943744225662	29.3490248950464	-2.58654714164235	17.2668737130457	26.4291532718132	8.10459415427826
CRUK0543	13.9417405305509	14.4977930599303	13.0292078604082	1.80042661259421	29.3972240613217	15.6847784979154	19.729220281673	13.6515088521028
CRUK0520	38.8152528709556	39.5324271172284	36.0590668068066	47.1714538168432	25.5576500855725	39.1571991107889	40.3919313243107	37.922466897267
CRUK0567	14.1673588833314	19.267768137203	6.85507920296284	-2.32245166857949	27.6121564124966	16.2892671780772	25.0763600587455	7.72685717086288
CRUK0511	-2.66487261387613	-2.64359519903029	-2.61467150949933	27.0622954916319	-13.7727238391043	-0.562287958224858	-0.562287958224858	-0.562287958224858
CRUK0552	-14.6185242718928	-14.3489410611224	-14.6776363432105	-15.3767534033401	-13.5510375118775	-12.1315434182248	-10.6099056808419	-13.8537936448311
CRUK0684	47.5770840204441	48.6413575447864	45.7913700791035	58.3218108579804	29.7067539655241	47.5482208071067	49.6977984391212	45.3986431750921
CRUK0610	2.28283616366843	2.08981227906958	0.679199725131258	-12.4105305494825	33.1270457284448	6.54116222068771	12.0451714111836	2.95816355944658
CRUK0620	-16.404996626234	-15.5792568150637	-10.2049082754768	-24.1765982916029	40.0923047943533	-11.761301622524	-4.57413604007833	-16.1235546312998
CRUK0667	-11.5450333924509	-10.9292926199828	-11.0106307710152	-13.3153128197775	-8.13672012150177	-10.0484848921028	-9.33483043940886	-11.0886526910938
CRUK0666	-7.70544640491966	-8.04196161487111	-6.74539659339764	-9.50360099524146	-5.33478741875603	-5.89085068994823	-5.07622739656679	-6.45090545388552
CRUK0625	-7.32872872980592	-6.92210610102875	-7.91869963673656	-1.27150153103578	-13.1271951895813	-6.17558478932109	-6.02661771760514	-6.32455186103704
CRUK0696	10.0699316075165	14.834606084254	6.01038603626671	5.64673841043953	14.9064682343443	13.0556448075706	17.332041355801	10.2746152367983
CRUK0693	-11.8137625887424	-13.4699152434173	-11.2974655237834	-12.299514802214	-12.4454849736657	-10.4978573087225	-8.21160071181855	-14.6478069425572
CRUK0628	25.9075543192564	26.0827494491373	25.3434698719192	47.6920167061352	-2.84108856971831	27.9397316342001	27.9397316342001	27.9397316342001
CRUK0678	11.2721649918499	11.6761620890397	9.59208944372565	31.7368068945925	-7.14901214530562	14.6721504856344	15.1541741821743	14.1901267890946
CRUK0650	8.89775814302119	9.97137539439814	7.84654536670431	11.4559445009278	9.80386259799352	11.7307881575209	15.7608925102167	7.7006838048252
CRUK0607	16.8786291101892	18.6051256662157	11.699074355644	15.5596475534267	15.4263736653092	19.8188625632527	25.6941933464239	15.2434777318296
CRUK0680	14.8616732662345	10.1112408874743	16.06520811437	-5.78507821208125	35.0043190572696	18.2930129650673	25.1938189788274	9.60336837736302
CRUK0634	4.7581127359966	5.01390584784385	2.89950300661267	35.6658605041243	-11.12451593286	7.38587002760399	7.38587002760399	7.38587002760399
CRUK0709	2.03968874573043	4.92770335366187	1.37716597944716	11.5022022382361	-6.1409201665334	6.77512186195198	11.5871940215053	1.96304970239864
CRUK0742	-6.21672767370382	-5.401825819704	-7.23358789257498	5.56359598130603	-13.4313258166728	-4.83592524409698	-2.03704407402109	-7.63480641417286
CRUK0721	-13.3536657436454	-12.0490071125456	-10.393199380416	-18.0224573722982	-3.56955517250476	-8.44256899492245	-5.49866938536805	-11.3864686044769
CRUK0775	-0.201181189835831	-2.08475139147734	-0.179513047855665	18.0547971646557	-10.281308444446	2.87360876609144	5.12734853930585	0.619868992877031
CRUK0799	41.7355992547253	38.0144458067266	40.9141167111734	20.6154462497189	57.7593085058817	40.8595641799434	43.0104968519198	38.708631507967
CRUK0730	-10.0152596107519	-10.0327161522145	-10.048124818794	0.223593742290534	-18.8445109178219	-8.96007489494094	-8.96007489494094	-8.96007489494094
CRUK0787	17.5692979807265	18.7474921744523	15.629109679964	35.3411866764714	1.79316843241575	20.2603469153899	22.3443758654938	18.176317965286
CRUK0748	-18.9044234015358	-15.5853669538229	-19.0410843232713	-23.7196245303292	-4.6577736428407	-15.3096745252272	-12.411625171157	-18.8513479441061
CRUK0707	-18.0028392209728	-15.5788611948357	-19.5369827865872	-14.8815126499943	-20.2204883434089	-15.9131469714931	-11.7282581802834	-20.0980357627028
CRUK0761	31.82161956514	32.8622009721777	27.285247292001	24.5166279661783	37.1018971854783	32.3477644127865	34.9013569384333	29.7941718871397
CRUK0736	12.6026666366428	13.0490130556693	11.3951787618192	42.7242456818693	-9.71795617789532	15.5461267841936	15.5461267841936	15.5461267841936
CRUK0766	-19.0995588962558	-18.3611561859049	-19.19138630527	-15.617749226298	-21.2304573459306	-17.4257011546144	-17.3658708016237	-17.4855315076052
CRUK0756	18.620432196606	20.1398107979338	15.3613564561987	37.2013418017519	-3.37660105473375	21.8452798888351	26.8127114588159	16.8778483188544
CRUK0794	-5.01412695601686	-10.064171194037	9.40773814158352	-15.7541351990859	35.4374599471215	3.53015421555775	16.7189382765298	-9.65862984541435
CRUK0755	8.38485905339931	8.62308154104095	3.32005225470188	34.509537886639	-8.57041037588072	11.3290142182793	11.3290142182793	11.3290142182793
CRUK0738	18.7753939571935	16.3527897860325	19.8781704012583	31.2586266856196	6.56831904469514	21.6733900143729	25.9122806039454	18.4422688751686
CRUK0733	-9.35939441529508	-8.69584034920723	-9.49147679385513	-6.57093808511211	-11.5119187300419	-7.68949811414357	-5.69788657403919	-9.68110965424794
CRUK0722	-11.1688678343074	-11.0997251651563	-11.3441948957005	0.691416260100903	-19.9897203075743	-10.2588313136828	-10.2588313136828	-10.2588313136828
CRUK0771	-10.9901044761229	-10.4715868080134	-11.3861943720163	-12.8713561142529	-8.13685334747369	-10.0031281495724	-9.54810783594137	-10.2977830283013
CRUK0764	11.0482698062782	19.0720652937677	1.76423650720983	8.68492927461321	12.4713751875559	14.4037379718455	21.6019079473818	7.20556799630918
CRUK0704	-0.479735402094611	-2.67452184279534	42.4063689886364	-22.0227880577495	70.0390702435079	16.5891870621874	51.7109541947438	-15.1082218880895
CRUK0745	-11.1329851653227	-9.76701416047481	-11.4871494982907	-9.8900402898674	-11.5396791388408	-8.87210949359318	-8.09233370985127	-9.65188527733509
CRUK0893	29.1231603927481	30.2632323365348	26.3666995943137	58.2720577932408	-9.1408777531035	32.1055654907525	32.1055654907525	32.1055654907525
CRUK0817	-7.85373807207512	-7.99127934153445	-8.44550356424525	-9.21056085267447	-7.12091160573762	-6.95206186427472	-5.18351881914356	-8.45710965454063
CRUK0810	16.4443534996569	2.25525436138062	22.2175195829675	-22.0165906658791	68.0755504993057	18.4496020826677	32.4232296050496	-2.10844313786746
